531.087  522.926  
482.835  489.589  
483.02  544.284  
563.47  472.033  
563.589  510.187  
509.272  576.993  
442.447  519.774  
510.736  467.608  
448.029  473.522  
476.749  452.447  
428.659  576.234  
545.395  610.654  
581.999  560.048  
499.658  446.448  
520.38  452.905  
467.978  598.741  
583.708  424.581  
434.984  432.98  
603.36  517.22  
458.074  440.673  
420.529  547.087  
517.808  400.402  
593.997  592.236  
480.013  416.558  
383.725  478.488  
613.365  467.942  
495.84  637.979  
425.07  625.227  
396.198  433.882  
439.968  401.456  
557.76  391.075  
624.761  560.371  
610.214  614.695  
589.593  634.871  
367.99  386.107  
639.432  452.416  
567.497  667.965  
635.751  390.524  
363.442  536.234  
641.534  608.879  
380.067  601.159  
634.257  645.841  
612.855  660.085  
432.254  361.872  
600.13  366.674  
654.086  419.115  
649.218  499.411  
384.372  648.26  
454.427  662.371  
491.901  381.725  
656.838  564.609  
652.811  535.673  
682.276  619.153  
673.339  363.903  
675.221  657.983  
546.062  345.144  
433.084  687.222  
329.412  407.021  
324.616  671.103  
675.333  447.661  
670.427  579.964  
686.955  537.543  
638.692  333.659  
329.818  312.147  
342.816  616.582  
642.552  676.615  
321.211  447.091  
510.277  332.666  
501.46  683.564  
657.969  702.505  
317.449  592.618  
572.998  323.083  
698.885  478.424  
436.025  299.481  
394.002  725.224  
716.462  393.271  
693.467  675.663  
541.721  713.244  
608.115  708.2  
707.65  707.537  
605.712  306.039  
292.942  485.31  
679.695  317.356  
485.845  730.982  
305.025  539.015  
698.854  596.472  
727.543  324.691  
719.042  584.376  
729.882  661.102  
384.735  306.901  
725.096  540.829  
734.571  610.573  
491.022  301.849  
533.215  284.275  
284.818  365.832  
572.41  745.069  
650.837  292.333  
694.945  273.676  
722.233  453.096  
321.833  744.088  
630.273  728.651  
689.903  744.519  
748.435  485.819  
272.925  726.778  
274.171  412.572  
668.417  740.752  
646.85  750.886  
443.775  765.855  
260.348  552.404  
470.761  258.995  
755.219  448.305  
755.636  728.497  
262.695  593.012  
737.684  289.934  
573.635  263.581  
755.666  569.828  
728.466  762.477  
260.274  652.644  
532.065  766.082  
280.767  444.418  
612.073  268.958  
260.465  276.92  
360.104  246.348  
602.72  782.237  
253.254  327.73  
755.108  263.595  
768.131  417.181  
778.479  520.414  
364.956  787.426  
778.106  360.931  
777.298  619.168  
765.259  322.451  
228.539  515.086  
252.489  439.46  
641.758  232.573  
775.409  681.353  
677.803  778.404  
285.292  244.468  
258.973  779.932  
637.307  812.017  
223.903  456.977  
495.147  228.186  
233.921  388.854  
537.22  244.459  
478.947  810.957  
792.138  755.253  
774.039  789.749  
658.486  781.482  
785.217  396.978  
308.783  795.682  
788.859  268.982  
411.022  227.712  
581.325  222.407  
781.404  298.816  
783.874  314.718  
694.232  805.87  
567.375  800.434  
809.955  452.423  
831.855  561.787  
203.483  639.146  
417.5  826.278  
691.027  217.274  
727.946  223.311  
788.537  331.843  
210.888  713.868  
244.612  225.353  
231.987  352.197  
305.883  223.12  
749.369  234.86  
785.822  238.3  
811.074  651.271  
215.232  578.638  
733.334  835.926  
818.727  710.642  
520.936  819.407  
537.087  223.401  
823.98  605.106  
236.485  802.522  
223.008  281.274  
802.997  324.877  
822.683  234.68  
835.312  295.027  
218.03  766.49  
788.451  215.251  
800.262  836.62  
333.909  827.218  
198.218  346.599  
208.387  232.65  
850.774  386.16  
184.259  790.672  
760.793  203.529  
328.73  185.851  
438.472  193.722  
274.671  215.733  
825.758  778.33  
194.745  410.082  
284.616  842.006  
173.045  283.156  
850.28  501.629  
517.508  200.483  
178.994  493.407  
234.568  837.78  
376.596  200.31  
539.839  852.89  
271.747  182.64  
822.936  750.149  
825.569  187.136  
254.809  820.809  
179.196  597.002  
218.307  188.644  
574.11  174.609  
834.206  818.743  
171.419  545.231  
854.129  664.795  
367.439  850.988  
712.845  180.267  
178.745  215.829  
648.033  172.99  
790.776  190.822  
576.507  882.232  
667.185  855.451  
158.613  442.004  
186.285  172.385  
748.257  186.936  
848.842  750.17  
613.057  852.395  
206.012  864.538  
243.245  181.374  
490.03  161.042  
168.094  678.57  
388.586  162.861  
779.002  169.948  
865.926  812.467  
852.158  866.648  
878.926  206.838  
170.186  330.356  
867.681  713.542  
157.157  863.154  
753.08  171.421  
848.83  773.011  
317.202  890.527  
150.833  384.896  
889.251  258.655  
795.504  171.195  
896.693  321.545  
144.619  721.36  
848.224  150.563  
239.583  163.959  
889.639  630.853  
452.996  880.583  
135.901  193.866  
896.522  462.388  
881.513  770.114  
761.286  882.584  
250.78  909.475  
154.702  237.413  
441.84  147.246  
