503.078  507.478  
542.394  523.438  
465.99  534.095  
498.035  455.842  
467.865  507.153  
571.333  494.265  
500.155  551.357  
489.575  565.313  
466.602  576.595  
499.964  591.077  
444.954  493.339  
601.854  443.756  
438.975  561.645  
461.02  436.764  
535.094  582.857  
576.057  570.616  
540.407  438.286  
423.244  461.817  
442.11  592.381  
559.931  602.15  
616.663  538.533  
564.582  404.536  
601.071  508.038  
415.135  593.683  
413.099  539.604  
416.017  512.095  
617.796  576.988  
468.887  609.151  
420.988  425.828  
598.627  613.352  
435.726  619.412  
440.248  404.148  
522.831  617.899  
629.201  490.38  
413.926  406.315  
477.541  400.359  
390.523  561.476  
507.996  383.568  
567.428  629.953  
619.774  401.532  
385.176  428.861  
617.99  627.835  
393.124  506.711  
408.352  634.818  
493.927  644.777  
391.257  390.64  
460.321  635.053  
398.723  456.229  
382.907  582.666  
544.531  642.931  
374.938  613.227  
379.887  475.863  
459.987  390.105  
429.617  376.505  
395.307  643.396  
629.438  385.601  
658.359  547.066  
616.547  365.235  
641.757  459.676  
657.791  587.21  
382.333  650.432  
645.528  647.98  
662.256  380.49  
367.358  538.66  
574.847  375.968  
529.613  664.265  
429.075  656.894  
375.837  517.327  
458.273  365.25  
667.088  454.007  
664.492  425.285  
671.646  616.877  
676.439  495.511  
597.422  665.312  
449.704  668.025  
367.33  365.269  
387.209  351.52  
343.493  652.412  
351.903  443.923  
354.659  389.141  
576.688  351.325  
365.705  584.678  
343.554  506.925  
350.803  582.081  
541.432  359.374  
562.635  666.06  
393.201  684.641  
352.363  482.017  
367.678  667.682  
701.835  411.222  
662.642  683.713  
423.175  329.55  
472.258  331.039  
683.107  524.907  
515.761  338.167  
688.117  649.848  
630.583  679.089  
502.448  692.81  
352.958  535.611  
683.313  559.087  
352.043  624.319  
340.849  334.911  
551.601  338.495  
460.048  688.406  
553.741  679.6  
331.98  546.15  
565.104  678.122  
347.317  615.55  
338.753  610.503  
684.971  505.208  
626.582  328.959  
672.589  335.17  
707.032  574.046  
324.091  378.128  
707.315  678.679  
718.033  463.356  
335.987  698.118  
551.553  700.314  
598.811  701.015  
319.603  574.647  
323.683  418.439  
319.109  472.263  
699.395  438.096  
704.606  364.376  
695.665  600.608  
425.658  706.012  
713.167  507.956  
310.593  611.767  
320.168  523.99  
576.84  318.672  
699.071  320.999  
380.367  321.042  
734.742  529.891  
712.883  631.985  
640.304  730.213  
548.501  306.446  
598.004  315.696  
710.157  601.386  
365.064  721.948  
674.52  297.994  
457.932  731.797  
297.728  690.217  
708.635  722.417  
303.834  340.541  
510.102  302.074  
299.284  506.848  
359.19  310.134  
299.805  645.392  
309.899  309.059  
413.794  745.266  
298.458  433.56  
572.962  719.757  
727.995  314.643  
557.409  717.71  
299.954  726.002  
340.433  717.289  
643.909  298.185  
292.9  562.658  
389.684  295.22  
450.7  268.131  
288.768  373.558  
622.342  294.082  
497.707  739.256  
712.912  290.249  
735.678  599.131  
584.546  724.938  
379.876  749.233  
348.308  277.265  
588.706  272.893  
728.206  355.258  
282.81  672.89  
538.34  738.233  
331.135  741.593  
736.52  404.959  
307.158  266.232  
746.73  385.34  
745.163  704.113  
274.833  455.37  
764.732  330.363  
735.471  661.599  
739.719  749.288  
737.55  636.554  
577.261  752.874  
277.253  410.773  
744.006  288.655  
761.276  423.53  
563.866  741.337  
540.165  269.71  
755.276  477.624  
269.511  627.861  
277.3  527.147  
285.798  479.101  
286.644  319.589  
757.471  571.455  
752.398  669.063  
282.705  279.914  
284.977  392.523  
264.198  318.7  
507.481  278.048  
744.454  446.732  
273.615  339.225  
644.888  280.383  
275.466  592.308  
665.973  264.707  
669.653  760.614  
279.076  757.872  
764.364  621.937  
308.299  749.478  
257.982  560.05  
250.666  509.667  
635.119  253.768  
247.599  721.905  
271.02  672.77  
268.315  478.046  
764.561  269.888  
726.687  259.67  
392.202  242.636  
689.194  775.999  
256.911  372.36  
273.466  245.507  
695.154  250.535  
244.039  671.719  
530.578  769.551  
246.55  288.391  
493.76  227.256  
352.138  779.985  
782.556  536.324  
791.757  709.846  
335.271  760.714  
240.654  600.424  
247.856  420.266  
320.764  775.361  
457.935  782.093  
773.876  372.685  
528.545  230.313  
784.155  492.971  
782.821  581.63  
787.326  652.573  
612.556  776.598  
508.761  794.842  
249.562  258.247  
786.471  770.519  
760.333  239.243  
781.818  444.385  
244.584  466.702  
567.498  773.859  
266.98  781.926  
253.652  758.065  
236.557  315.395  
345.965  234.937  
230.603  777.123  
791.651  383.191  
740.848  792.559  
377.739  790.792  
563.84  231.111  
717.933  237.139  
414.25  792.922  
