525.249  505.201  
482.786  507.046  
503.601  552.156  
567.407  527.623  
543.803  549.544  
557.027  469.054  
510.484  465.681  
454.831  458.291  
445.532  535.386  
570.277  566.905  
575.538  489.206  
451.69  575.414  
432.481  491.125  
533.623  587.171  
495.988  586.379  
507.278  438.312  
544.318  433.895  
612.716  446.626  
467.489  431.894  
595.426  509.911  
576.364  420.565  
419.585  430.136  
605.656  568.082  
617.787  480.742  
572.301  613.889  
480.785  616.621  
606.623  590.659  
438.591  605.551  
410.473  580.342  
513.366  417.259  
404.323  557.394  
436.129  414.799  
397.758  463.096  
486.37  416.859  
617.985  535.397  
623.721  411.061  
408.243  444.634  
531.032  397.715  
624.102  607.261  
395.722  600.16  
398.015  531.865  
474.991  399.073  
389.065  405.625  
524.258  636.33  
389.894  496.275  
448.829  407.986  
424.914  630.7  
435.094  393.546  
655.917  512.156  
617.11  387.917  
498.454  377.539  
610.9  642.52  
580.924  382.242  
661.2  572.794  
372.972  614.608  
411.211  647.573  
355.517  437.043  
365.087  515.629  
544.522  371.016  
647.369  539.595  
404.634  369.079  
666.094  406.329  
366.106  659.133  
369.159  581.932  
657.211  613.57  
476.085  658.107  
428.137  368.809  
456.178  370.72  
569.358  668.515  
357.334  553.15  
373.693  369.252  
654.286  368.4  
646.991  646.745  
662.834  457.216  
658.103  481.25  
368.577  468.676  
621.638  363.083  
416.179  683.887  
346.828  380.048  
517.58  350.107  
355.317  483.201  
474.422  347.222  
522.001  674.644  
671.369  661.886  
646.669  673.085  
582.222  355.687  
671.398  638.542  
344.634  617.472  
612.134  356.348  
609.206  694.007  
688.594  448.146  
385.72  340.151  
340.609  500.487  
357.212  347.11  
677.478  328.106  
684.795  531.283  
331.523  404.461  
426.877  341.157  
454.504  694.627  
328.136  463.779  
694.497  499.242  
564.299  335.45  
636.534  342.327  
334.161  582.954  
695.614  604.989  
614.103  324.496  
698.603  550.729  
705.164  691.184  
330.631  528.232  
482.934  687.47  
337.938  683.786  
693.403  420.608  
662.085  693.686  
711.846  625.722  
318.151  643.255  
312.611  347.466  
711.322  654.376  
496.28  326.497  
697.317  377.49  
709.268  361.839  
296.866  481.771  
348.473  315.831  
540.497  322.165  
540.689  709.621  
363.709  700.291  
716.46  479.303  
420.199  314.778  
719.706  411.036  
315.16  694.967  
310.795  553.986  
465.743  313.821  
722.113  588.57  
490.289  725.205  
621.745  727.469  
329.794  713.371  
298.444  616.275  
298.854  587.272  
520.016  309.864  
313.991  428.234  
304.049  311.297  
380.103  723.609  
303.712  512.244  
376.114  301.62  
718.72  302.38  
657.861  718.107  
303.037  681.098  
314.192  442.872  
302.494  384.722  
720.44  441.441  
741.526  518.993  
733.718  333.044  
566.964  300.246  
434.874  733.233  
644.109  303.52  
673.726  747.88  
298.395  528.343  
717.292  562.182  
723.405  387.679  
300.618  409.088  
613.032  296.973  
488.25  293.508  
740.358  716.712  
285.641  420.2  
751.825  551.462  
734.921  576.11  
277.9  672.141  
274.533  436.047  
420.975  298.556  
738.847  458.323  
270.034  722.122  
445.536  286.603  
560.573  745.175  
271.965  370.26  
392.432  270.333  
322.387  739.274  
691.08  288.202  
522.746  286.227  
758.134  362.603  
274.193  554.058  
636.341  283.305  
665.784  262.649  
721.834  756.787  
268.027  634.706  
765.2  635.099  
302.826  278.735  
354.51  274.169  
416.27  278.351  
276.085  752.56  
757.987  673.642  
512.68  759.489  
589.321  276.341  
748.219  489.38  
352.39  746.932  
769.635  416.208  
279.175  398.54  
555.153  272.339  
268.837  512.667  
770.741  607.562  
253.516  333.085  
732.335  271.464  
702.083  265.249  
268.489  304.182  
759.373  445.2  
386.436  761.088  
252.248  701.168  
492.582  267.124  
764.538  285.898  
768.01  753.659  
768.655  469.672  
617.473  258.217  
243.59  463.724  
264.014  278.197  
616.103  779.19  
453.888  262.603  
772.724  582.026  
474.175  772.927  
266.398  583.766  
521.211  257.911  
783.768  318.691  
233.407  606.49  
333.758  246.447  
575.251  773.472  
435.982  769.934  
327.205  779.06  
241.935  662.497  
246.255  399.452  
757.048  249.961  
417.327  259.185  
776.322  384.265  
779.823  713.217  
243.584  533.912  
247.572  245.613  
284.839  252.327  
313.361  259.391  
749.828  789.824  
565.844  252.038  
796.098  510.918  
721.767  248.457  
256.547  787.134  
572.854  228.052  
232.494  564.948  
234.499  500.793  
306.638  247.483  
542.39  806.752  
245.927  295.004  
787.134  263.086  
363.434  239.367  
292.763  786.029  
434.615  233.799  
226.714  756.243  
497.532  238.215  
535.451  238.607  
367.099  799.117  
471.912  231.385  
682.372  802.192  
418.143  795.412  
700.408  232.462  
