514.667  505.358  
509.198  535.483  
500.459  491.274  
475.841  545.182  
537.061  517.44  
536.748  584.895  
556.714  475.617  
529.819  482.084  
469.246  470.59  
571.665  527.735  
518.655  438.023  
447.318  530.35  
494.372  579.613  
445.915  503.481  
459.636  587.914  
554.243  422.49  
597.966  442.906  
605.333  587.213  
430.878  554.756  
444.008  420.204  
430.047  596.533  
423.712  498.992  
412.826  435.671  
482.663  424.008  
617.726  505.546  
486.467  608.15  
411.477  459.302  
403.782  574.113  
477.238  381.221  
458.486  639.98  
569.599  639.358  
392.777  619.29  
609.693  397.391  
390.387  553.612  
395.007  514.828  
416.455  387.303  
580.614  385.909  
508.285  650.623  
379.842  464.486  
379.246  401.813  
535.344  385.147  
639.061  642.155  
513.527  384.818  
650.128  427.495  
647.748  546.336  
406.794  657.862  
377.837  580.936  
641.924  567.532  
661.407  602.342  
653.094  382.541  
575.734  354.204  
370.802  527.834  
671.14  473.35  
592.74  681.118  
626.432  356.17  
452.213  356.505  
658.904  511.911  
369.92  651.086  
445.437  678.7  
371.677  343.948  
631.704  682.244  
357.622  615.497  
410.641  339.982  
538.032  703.054  
354.059  482.53  
505.899  317.609  
550.254  323.793  
679.556  644.628  
341.761  578.663  
338.796  426.298  
680.249  551.179  
342.055  531.151  
671.989  680.708  
668.862  347.607  
373.913  698.45  
316.474  649.711  
322.701  388.734  
691.31  386.751  
334.238  335.781  
687.088  578.042  
485.603  706.052  
685.866  423.215  
708.398  513.028  
418.315  704.304  
321.534  475.001  
339.253  704.799  
702.485  343.007  
444.882  310.732  
707.397  632.717  
719.749  433.014  
717.208  577.015  
708.492  682.743  
633.382  324.382  
640.048  292.081  
669.62  310.479  
707.803  464.122  
683.794  708.946  
600.994  283.541  
615.645  724.325  
301.098  512.697  
707.644  304.93  
295.742  587.905  
347.199  309.355  
397.926  306.154  
727.756  392.518  
653.983  732.346  
298.116  345.35  
307.318  706.494  
456.698  747.961  
733.616  726.711  
702.749  726.187  
293.579  311.964  
305.726  440.043  
568.843  277.653  
405.51  746.23  
321.337  294.505  
465.529  266.532  
577.334  752.472  
740.412  343.707  
738.764  629.64  
738.946  468.481  
353.295  274.999  
725.016  685.2  
758.043  708.179  
399.917  273.959  
286.446  384.712  
277.413  710.655  
262.201  552.354  
281.936  440.201  
735.324  534.828  
333.424  733.166  
509.83  762.569  
284.315  479.154  
732.414  674.922  
681.909  770.519  
281.905  276.794  
748.648  295.22  
686.07  261.861  
363.891  767.182  
304.485  741.404  
720.967  251.681  
756.759  502.441  
763.349  659.829  
311.432  260.556  
754.615  581.878  
522.938  268.881  
322.813  764.955  
726.774  762.081  
261.828  352.755  
542.874  274.407  
771.5  534.652  
756.426  437.306  
622.959  775.944  
261.165  409.942  
287.687  767.485  
775.08  347.801  
764.761  751.788  
755.689  399.558  
263.991  655.755  
263.147  619.746  
254.234  496.159  
258.391  307.569  
249.886  748.97  
254.55  463.064  
642.779  235.561  
772.869  269.14  
780.292  451.48  
775.81  611.492  
507.929  235.13  
547.474  237.216  
248.94  276.664  
787.873  399.553  
421.005  790.382  
246.258  634.042  
383.189  229.918  
253.035  243.003  
750.201  798.506  
235.223  697.282  
434.727  219.038  
737.168  227.125  
759.505  237.152  
252.2  433.712  
229.472  388.177  
778.725  299.682  
801.025  576.047  
793.275  674.66  
792.223  775.779  
283.177  232.797  
338.011  228.079  
253.712  783.445  
801.394  232.859  
598.377  799.807  
530.134  806.377  
231.565  430.681  
228.206  324.099  
281.267  805.61  
800.82  729.369  
229.741  780.888  
813.642  499.052  
233.005  616.674  
227.617  462.206  
585.155  209.8  
805.401  632.27  
631.662  810.296  
572.036  817.166  
461.214  812.828  
222.098  567.193  
222.75  259.908  
811.279  278.158  
224.266  520.897  
217.667  653.348  
652.952  817.483  
379.403  817.523  
700.268  815.527  
328.613  830.751  
203.188  500.028  
821.725  372.031  
247.248  816.964  
243.854  207.996  
819.598  320.77  
813.024  606.429  
802.121  805.674  
201.654  760.865  
307.803  217.841  
821.756  434.506  
695.28  219.12  
192.787  221.997  
481.952  194.248  
819.797  546.173  
212.036  832.736  
216.825  615.833  
764.908  190.404  
194.268  298.237  
831.784  704.116  
183.306  368.301  
204.471  463.755  
302.923  197.586  
693.758  203.613  
494.042  815.613  
174.472  602.711  
538.863  192.024  
714.848  183.126  
835.571  771.012  
835.099  649.1  
767.348  840.416  
188.221  702.942  
178.465  441.174  
279.698  172.099  
331.191  192.912  
649.046  180.961  
837.978  838.715  
187.12  645.57  
824.338  203.741  
417.537  842.753  
172.28  549.392  
617.722  828.667  
812.136  183.144  
