504.689  523.138  
495.404  480.261  
548.083  475.316  
555.182  515.002  
467.596  500.054  
567.608  560.743  
469.634  556.091  
517.373  566.119  
464.253  467.532  
518.136  441.481  
443.859  517.256  
443.333  477.779  
471.764  438.907  
591.611  476.372  
480.603  580.859  
448.521  573.149  
444.852  558.111  
577.587  438.72  
601.344  517.909  
551.01  588.91  
454.291  588.265  
434.783  533.434  
425.252  420.42  
416.167  561.66  
521.277  605.652  
612.26  558.198  
604.704  612.316  
434.219  595.242  
568.458  611.6  
486.106  600.886  
400.534  479.473  
543.042  404.878  
604.809  408.163  
463.585  603.394  
400.365  525.506  
418.248  622.498  
376.029  582.146  
470.271  624.555  
642.095  427.418  
625.706  467.649  
506.939  394.083  
578.258  394.594  
632.287  498.032  
380.693  440.364  
478.636  377.849  
635.743  589.291  
543.95  638.492  
442.047  388.631  
512.42  643.835  
654.538  522.118  
644.317  618.394  
569.928  645.576  
389.841  641.087  
358.012  374.554  
654.108  563.885  
397.609  371.977  
418.627  377.556  
636.795  368.184  
354.085  622.345  
438.31  655.211  
367.174  542.277  
351.488  410.483  
643.342  651.593  
559.785  369.216  
682.6  385.545  
614.077  664.043  
604.753  363.601  
673.203  476.327  
474.57  662.34  
370.278  507.689  
588.155  660.461  
376.538  651.147  
447.834  354.688  
405.496  679.64  
518.456  337.478  
675.404  597.134  
368.531  659.509  
351.694  464.565  
676.112  627.717  
552.451  668.987  
338.459  521.425  
415.345  335.287  
668.016  672.653  
378.284  341.704  
506.751  668.765  
333.101  494.268  
566.88  336.765  
696.801  541.633  
689.529  656.986  
583.039  678.993  
527.929  681.552  
364.2  678.598  
330.113  666.707  
643.161  681.368  
441.175  682.502  
617.342  333.335  
697.301  569.671  
334.217  319.853  
663.594  329.418  
709.451  449.428  
695.675  524.121  
704.794  504.767  
502.026  691.072  
321.413  563.653  
608.673  685.144  
464.977  312.241  
320.695  470.08  
468.693  696.593  
668.554  709.372  
562.559  699.468  
708.903  703.922  
333.582  705.768  
298.985  435.517  
597.529  706.411  
380.208  697.62  
713.094  353.907  
632.62  716.782  
303.319  596.292  
303.435  393.31  
297.021  340.725  
724.853  413.7  
718.363  326.292  
723.767  598.11  
706.791  626.112  
292.901  639.685  
437.58  713.48  
531.761  718.288  
586.411  303.702  
297.352  513.602  
484.521  716.565  
376.345  312.234  
693.96  307.238  
372.776  728.999  
732.249  648.308  
412.29  720.452  
726.337  672.094  
308.277  538.601  
281.297  679.871  
407.377  290.197  
623.879  286.479  
739.173  484.93  
523.809  290.937  
738.912  557.37  
362.181  297.132  
271.197  480.411  
736.478  519.407  
750.66  625.216  
289.631  712.645  
289.631  275.86  
668.613  276.796  
717.669  266.758  
461.027  736.808  
301.949  739.426  
574.955  733.021  
607.265  740.585  
732.926  737.311  
498.279  740.987  
753.187  701.332  
704.09  754.872  
743.515  300.598  
754.148  349.361  
749.753  378.963  
283.876  540.087  
325.256  271.481  
539.747  749.587  
430.543  745.059  
651.084  750.967  
260.444  562.068  
262.628  600.941  
273.651  359.419  
756.338  434.63  
336.54  754.508  
365.656  254.91  
552.975  272.298  
445.891  279.532  
450.721  253.914  
771.842  314.292  
262.204  714.339  
256.05  384.982  
575.773  270.092  
779.211  467.942  
762.027  665.16  
570.27  764.24  
497.924  248.096  
767.087  529.134  
775.706  732.666  
379.887  768.024  
772.083  404.81  
259.048  519.819  
251.748  303.272  
772.012  252.449  
759.791  755.057  
266.303  739.234  
777.48  504.197  
757.181  596.535  
500.824  773.839  
465.951  765.844  
293.443  770.37  
253.471  770.264  
427.926  765.796  
569.839  246.598  
243.487  456.7  
774.524  562.026  
618.237  768.34  
776.244  680.81  
404.999  237.556  
242.81  421.486  
240.274  636.14  
256.731  242.827  
591.608  775.86  
256.212  350.295  
237.306  336.303  
617.122  247.425  
777.41  597.074  
675.23  778.784  
795.587  373.908  
787.555  287.56  
784.856  650.345  
234.782  730.264  
760.114  781.948  
641.266  785.436  
795.878  763.138  
541.333  773.143  
534.466  793.203  
784.938  440.779  
776.315  632.945  
226.548  684.114  
229.586  531.787  
338.849  788.689  
719.924  786.634  
809.308  339.426  
673.634  231.035  
447.761  785.446  
221.485  276.932  
337.497  221.858  
420.234  789.562  
522.767  223.646  
796.566  792.11  
227.106  588.063  
213.337  488.221  
813.453  726.462  
740.187  229.397  
815.452  419.566  
814.653  630.6  
457.19  797.505  
611.513  794.054  
802.944  534.436  
796.201  691.448  
287.275  808.967  
821.964  591.457  
744.169  792.395  
586.104  808.548  
622.646  203.765  
831.782  673.012  
687.299  798.546  
386.406  802.367  
236.434  804.379  
