524.613  510.04  
483.773  509.969  
491.84  473.899  
549.385  527.352  
508.962  561.777  
557.057  488.013  
458.748  541.957  
531.59  458.918  
576.979  549.61  
543.461  591.018  
562.323  434.103  
472.142  576.159  
447.397  512.526  
464.191  443.181  
441.099  455.613  
584.976  461.002  
437.003  575.977  
432.591  490.706  
588.331  509.802  
499.396  424.337  
576.759  618.186  
607.287  487.283  
444.643  604.675  
597.737  568.396  
495.734  614.419  
597.409  421.356  
423.676  429.958  
618.681  595.747  
423.941  558.527  
445.426  425.07  
539.918  409.963  
407.061  525.706  
462.708  394.007  
616.376  520.3  
613.329  455.064  
389.63  472.773  
408.595  581.382  
623.222  553.14  
388.705  614.305  
420.561  392.076  
357.824  415.705  
616.329  394.392  
642.855  441.51  
578.256  401.719  
631.167  467.607  
444.016  643.262  
526.414  387.213  
604.458  647.917  
413.26  648.609  
392.352  544.103  
577.617  380.684  
471.862  653.512  
368.315  562.246  
650.327  511.262  
518.261  650.606  
662.389  476.502  
639.656  648.025  
490.89  372.139  
551.977  365.369  
651.059  403.029  
654.803  613.206  
364.238  371.826  
657.326  547.991  
396.578  370.114  
654.587  583.698  
555.573  669.635  
354.694  518.575  
354.641  660.425  
418.74  350.629  
642.052  352.208  
524.049  359.719  
610.309  355.931  
677.389  384.913  
687.022  427.516  
653.615  677.671  
379.222  671.529  
583.046  348.185  
398.187  682.301  
343.427  615.371  
506.796  344.871  
665.642  358.899  
455.237  339.494  
685.703  629.887  
585.526  680.356  
693.701  559.773  
326.56  476.435  
507.758  696.321  
445.585  684.912  
380.517  337.635  
692.446  509.387  
678.956  602.089  
676.376  331.003  
621.368  701.967  
348.87  326.919  
328.433  575.646  
543.108  334.739  
691.935  676.901  
707.135  346.191  
674.556  704.512  
619.69  324.529  
706.302  651.95  
352.919  697.735  
693.433  605.644  
561.171  317.633  
716.402  582.753  
320.399  683.444  
494.695  315.765  
300.712  529.933  
589.74  317.904  
715.346  473.022  
302.344  361.552  
373.597  711.805  
321.794  331.427  
524.742  296.554  
583.695  708.953  
412.374  716.12  
389.135  294.519  
740.243  604.076  
705.226  300.634  
446.523  302.061  
646.437  297.214  
733.869  699.344  
548.189  720.606  
458.531  709.624  
307.628  621.729  
725.583  392.944  
302.588  453.542  
707.298  715.762  
727.98  441.029  
295.524  427.604  
294.948  313.957  
545.341  306.138  
289.962  569.751  
311.912  719.84  
722.611  624.02  
338.712  278.665  
726.712  360.552  
658.516  740.285  
730.173  518.113  
453.22  722.377  
337.37  737.492  
291.418  666.038  
295.951  597.716  
578.949  294.077  
607.32  290.114  
587.406  745.103  
738.33  557.453  
573.02  727.265  
735.74  665.944  
702.18  724.62  
440.728  737.241  
505.648  740.423  
369.959  727.478  
703.107  745.295  
277.588  708.464  
281.556  496.027  
470.987  734.5  
558.991  265.385  
614.621  758.132  
551.117  752.237  
270.36  396.591  
744.9  329.969  
742.461  755.605  
485.893  273.098  
269.104  626.404  
672.351  269.713  
757.759  649.763  
405.103  758.372  
370.855  759.375  
291.369  753.191  
740.459  267.683  
294.911  268.355  
271.945  460.342  
765.297  417.84  
749.958  480.308  
429.468  261.258  
762.944  375.278  
471.475  755.462  
271.374  285.742  
612.105  257.63  
703.783  261.966  
767.802  508.386  
257.408  345.405  
642.163  261.218  
320.025  768.486  
771.5  548.417  
445.965  755.384  
262.818  563.965  
517.577  253.335  
778.875  463.724  
257.133  681.758  
771.239  303.371  
786.869  587.26  
252.56  295.084  
783.287  730.251  
264.217  507.2  
247.502  731.393  
257.853  244.78  
686.09  775.019  
255.282  509.866  
433.439  775.208  
534.915  767.178  
519.549  781.526  
490.282  766.129  
250.876  769.634  
252.257  481.793  
247.264  421.273  
383.172  250.538  
769.923  267.571  
340.614  767.246  
640.759  781.716  
788.519  349.016  
785.755  691.906  
463.299  789.023  
231.798  668.399  
801.428  637.761  
230.591  594.453  
231.289  546.608  
469.138  239.939  
242.163  446.939  
337.431  229.208  
791.134  239.955  
776.136  769.614  
569.889  793.552  
234.877  468.491  
577.197  233.177  
722.126  789.389  
290.956  798.59  
233.554  382.566  
685.958  229.964  
712.44  239.577  
240.865  637.928  
225.368  333.298  
292.829  213.597  
343.299  797.525  
767.145  219.4  
492.464  792.45  
749.821  786  
226.154  255.428  
368.267  237.527  
653.048  219.472  
225.548  622.629  
228.427  499.046  
604.753  789.376  
224.304  705.378  
804.815  434.779  
812.134  547.495  
809.957  292.639  
383.449  794.28  
597.053  223.641  
787.041  770.924  
668.781  803.495  
218.547  789.019  
624.664  228.635  
813.008  388.973  
804.789  781.162  
763.084  803.303  
