506.415  520.431  
532.653  493.917  
489.788  495.138  
553.301  536.878  
530.837  564.877  
459.053  567.004  
482.209  467.905  
551.287  468.767  
517.919  453.72  
464.349  521.183  
455.29  496.065  
573.587  504.1  
490.016  589.105  
444.218  462.913  
576.54  568.447  
602.639  454.685  
436.873  527.446  
594.656  547.648  
559.739  587.588  
562.647  433.308  
579.062  588.452  
486.417  420.769  
521.298  603.12  
435.005  433.485  
609.62  581.127  
417.767  444.643  
531.328  420.122  
604.413  517.117  
547.253  427.335  
402.352  516.558  
422.622  566.415  
566.972  604.82  
407.919  598.902  
396.929  474.139  
424.969  422.528  
627.084  496.653  
620.469  607.173  
592.026  624.717  
411.27  411.973  
443.27  628.411  
607.345  400.836  
454.373  403.996  
564.948  404.821  
638.182  412.332  
532.342  622.49  
633.6  542.08  
557.796  638.328  
477.97  633.404  
395.709  567.836  
404.269  627.726  
538.676  401.951  
431.839  380.001  
638.558  632.435  
513.937  387.247  
575.249  372.914  
650.488  514.711  
508.935  650.856  
375.142  447.338  
481.79  385.179  
355.046  383.145  
538.318  387.62  
662.821  473.22  
646.543  590.948  
369.141  410.926  
660.364  575.348  
614.221  372.35  
348.78  625.979  
369.251  591.627  
361.719  552.174  
392.102  366.371  
373.025  364.037  
609.588  660.083  
542.014  367.183  
668.394  391.31  
406.283  675.082  
361.756  674.148  
359.358  518.709  
510.519  360.928  
681.195  447.237  
472.295  363.675  
678.569  608.137  
648.961  673.111  
677.777  556.039  
454.52  673.593  
565.989  678.821  
351.395  505.676  
385.207  336.56  
649.247  358.914  
353.702  361.649  
700.871  645.798  
454.693  344.622  
331.701  499.276  
674.544  348.79  
517.421  678.361  
636.641  338.35  
349.925  431.268  
419.311  333.433  
689.685  523.488  
337.001  461.362  
530.417  341.527  
597.512  334.907  
484.954  685.425  
331.607  577.072  
493.629  331.473  
693.881  682.818  
348.075  337.504  
557.871  335.836  
705.876  415.48  
313.773  669.933  
330.725  419.234  
304.076  364.907  
706.193  362.524  
312.607  548.994  
590.869  708.628  
425.07  711.082  
705.417  331.332  
711.047  488.148  
514.37  706.046  
717.911  587.255  
298.345  325.477  
666.917  720.339  
568.773  307.122  
353.982  708.775  
625.217  314.952  
678.875  318.198  
716.188  386.678  
459.22  715.79  
315.183  703.198  
467.691  307.71  
284.403  411.976  
530.613  318.189  
319.803  451.028  
424.117  305.659  
738.444  462.318  
719.506  711.828  
721.183  513.353  
726.475  559.296  
294.11  454.519  
710.712  310.357  
338.487  288.037  
298.994  629.653  
297.295  502.142  
668.361  300.223  
270.383  591.337  
500.567  733.072  
398.898  740.43  
381.711  301.642  
517.817  296.797  
559.414  742.413  
606.098  293.467  
293.179  726.56  
641.334  289.372  
735.723  530.048  
742.235  346.179  
734.607  631.773  
637.451  739.873  
350.111  738.487  
544.217  289.109  
705.644  288.659  
737.512  321.69  
275.963  693.867  
263.979  542.639  
279.746  713.776  
751.976  424.438  
453.314  269.222  
499.08  274.748  
283.286  271.526  
759.738  677.036  
730.819  745.676  
450.394  757.546  
754.745  384.037  
277.328  523.672  
753.307  302.874  
739.587  398.471  
748.432  703.993  
398.527  268.532  
759.953  542.716  
764.104  606.022  
308.778  747.245  
760.657  502.159  
603.54  749.38  
486.772  763.754  
275.175  644.471  
748.038  277.684  
273.248  490.853  
564.919  270.277  
666.915  261.055  
254.514  293.697  
268.295  506.684  
768.794  576.652  
421.4  769.311  
264.854  772.055  
248.259  401.044  
591.68  258.977  
256.286  649.865  
523.333  255.4  
772.132  641.481  
243.307  373.525  
707.856  259.314  
622.327  255.576  
264.069  627.799  
247.992  330.883  
686.714  769.197  
768.091  326.877  
530.687  777.444  
246.69  462.4  
306.577  785.272  
353.624  252.947  
251.524  678.234  
782.537  717.438  
779.137  754.728  
248.238  623.074  
778.759  266.887  
651.661  764.849  
598.872  769.232  
777.14  359.222  
365.314  777.979  
249.824  731.398  
744.42  779.451  
743.411  244.354  
545.929  254.84  
783.232  471.281  
238.411  507.343  
712.112  782.028  
292.74  236.72  
230.474  705.587  
786.991  412.494  
645.725  796.759  
601.056  790.488  
558.773  245.135  
798.759  444.37  
209.975  784.753  
787.726  512.909  
787.074  551.556  
240.11  223.49  
796.397  305.404  
227.149  274.543  
501.954  221.75  
778.371  233.364  
805.361  775.583  
236.371  252.196  
460.351  229.602  
811.644  663.969  
221.655  666.279  
410.137  226.256  
642.453  219.808  
809.182  381.595  
760.359  808.263  
224.698  562.788  
373.287  232.458  
690.286  220.999  
216.618  736.319  
603.907  234.636  
482.211  820.23  
418.556  808.586  
218.373  425.18  
347.268  214.302  
