494.394  514.087  
543.676  489.561  
543.008  516.714  
559.036  545.129  
490.654  473.17  
509.885  560.173  
451.097  573.923  
584.117  512.017  
580.875  462.615  
533.834  452.446  
434.658  538.613  
574.333  577.171  
439.432  503.268  
475.283  429.158  
418.513  473.635  
421.532  440.235  
559.172  424.839  
493.057  600.511  
603.619  473.148  
615.601  433.491  
537.262  605.13  
627.291  542.223  
585.837  619.913  
511.06  403.272  
630.92  489.242  
425.494  625.61  
429.272  418.624  
630.52  597.949  
406.098  414.531  
393.543  558.935  
619.681  399.344  
396.371  511.576  
537.255  644.449  
422.91  383.475  
484.303  642.682  
572.622  402.269  
632.259  640.128  
467.457  398.701  
643.216  461.066  
533.672  379.408  
364.732  607.486  
576.14  379.141  
363.194  458.781  
383.238  429.02  
370.027  650.02  
375.066  389.624  
462.253  371.667  
468.257  387.089  
662.543  419.315  
675.311  576.734  
370.341  491.698  
367.228  409.358  
346.597  544.828  
394.079  357.533  
616.4  362.248  
666.629  519.777  
368.317  510.862  
493.5  351.731  
671.124  381.331  
573.117  659.547  
700.995  623.326  
613.673  676.072  
676.796  478.281  
674.413  664.336  
408.419  674.792  
344.874  345.389  
340.246  422.294  
674.456  548.785  
526.421  349.568  
652.018  344.787  
445.048  687.468  
572.607  338.473  
696.643  351.034  
451.071  331.273  
336.141  384.788  
473.991  345.142  
504.275  686.12  
323.257  512.36  
302.99  491.079  
301.113  575.214  
380.766  700.808  
697.344  433.556  
560.039  698.48  
340.339  702.6  
308.445  649.257  
676.026  693.113  
397.628  316.196  
473.432  702.428  
704.165  527.568  
638.065  317.865  
647.435  694.339  
298.032  447.173  
506.327  311.633  
719.569  543.94  
682.124  314.301  
716.363  486.527  
725.456  392.316  
613.481  716.484  
711.529  706.962  
600.593  302.689  
659.626  717.54  
311.387  313.01  
552.827  307.388  
726.596  321.014  
738.235  685.115  
504.555  714.322  
298.733  402.242  
297.214  356.586  
294.534  705.216  
526.941  745.05  
438.752  726.542  
357.533  293.759  
737.107  431.536  
430.315  289.725  
282.171  737.576  
746.01  291.537  
745.732  559.768  
690.039  740.439  
577.758  736.419  
474.603  745.651  
392.426  730.873  
752.788  347.846  
770.919  602.475  
745.311  728.625  
262.145  688.939  
690.354  281.543  
336.21  731.176  
645.861  283.452  
755.992  458.314  
746.144  508.257  
754.943  662.647  
383.831  758.787  
328.015  279.595  
496.583  281.483  
640.85  750.672  
453.332  269.018  
546.75  280.782  
275.967  270.917  
598.189  274.141  
266.132  300.594  
382.982  275.181  
718.256  763.998  
605.013  762.886  
258.268  365.806  
330.426  762.021  
244.265  463.151  
262.017  417.44  
259.685  601.641  
271.204  524.443  
257.087  322.939  
754.975  487.839  
516.631  253.647  
238.287  653.306  
666.043  262.648  
447.461  782.019  
358.709  252.085  
563.858  247.112  
783.309  536.384  
669.516  763.86  
566.689  774.836  
414.657  248.315  
763.808  394.472  
791.186  419.127  
475.458  254.844  
767.189  771.263  
625.592  254.904  
716.855  248.914  
774.673  270.551  
763.902  706.318  
321.987  246.489  
772.626  475.647  
789.637  745.807  
239.599  769.33  
788.522  370.703  
753.355  242.99  
222.382  507.928  
230.202  409.034  
817.465  644.632  
231.538  550.99  
806.833  494.719  
285.706  783.834  
793.74  710.131  
684.619  238.862  
646.872  792.336  
647.556  237.363  
736.519  784.591  
509.596  791.675  
241.898  224.771  
287.71  228.687  
224.585  585.509  
681.277  779.25  
607.316  230.403  
803.509  318.163  
229.342  288.142  
784.614  676.394  
380.314  232.706  
339.015  795.426  
452.556  241.043  
219.434  704.986  
485.887  241.5  
806.977  270.309  
788.151  794.328  
696.094  807.822  
805.466  232.499  
198.347  319.519  
459.984  228.068  
218.051  735.01  
494.223  221.157  
609.604  807.391  
399.864  810.403  
214.514  380.898  
208.279  261.924  
563.68  809.348  
191.723  624.722  
253.599  808.628  
340.917  218.315  
511.623  204.514  
756.559  214.982  
833.577  552.008  
581.067  215.612  
395.513  210.358  
628.173  211.714  
193.162  793.812  
546.02  204.128  
673.976  209.052  
179.307  370.178  
841.246  461.349  
467.153  201.985  
837.315  431.133  
848.947  705.786  
221.264  826.368  
281.721  823.354  
194.619  444.773  
465.241  831.033  
314.182  205.103  
828.719  357.297  
826.088  756.58  
836.699  812.722  
525.32  822.929  
316.415  837.862  
186.75  206.413  
826.577  195.109  
352.511  825.501  
182.392  752.994  
168.051  534.657  
186.406  237.183  
733.586  188.103  
847.971  590.434  
427.134  183.179  
770.204  832.718  
718.386  841.857  
350.08  197.803  
212.749  182.372  
788.474  189.726  
659.945  857.345  
605.267  182.856  
181.248  715.749  
