501.584  508.944  
526.208  473.293  
551.062  511.522  
486.013  549.835  
542.565  558.84  
485.493  453.126  
453.147  516.909  
449.018  469.675  
563.031  458.347  
499.848  586.702  
447.521  578.531  
590.829  568.672  
593.268  520.253  
522.247  427.906  
422.385  546.024  
605.811  471.892  
592.684  427.717  
529.96  609.337  
449.693  413.134  
463.01  614.068  
596.14  604.612  
403.9  426.117  
566.796  628.808  
404.803  513.091  
560.236  404.691  
403.234  472.516  
402.535  573.051  
489.092  399.508  
422.794  628.69  
386.449  603.344  
641.724  542.503  
635.197  431.064  
623.772  629.466  
642.104  495.461  
632.728  389.613  
486.036  645.543  
594.319  381.229  
535.999  379.977  
650.729  585.839  
374.761  388.363  
436.353  368.876  
370.159  637.094  
537.524  657.16  
365.675  520.798  
672.99  460.166  
493.388  364.394  
353.899  565.983  
355.214  469.103  
397.465  351.324  
631.107  663.505  
587.268  673.792  
427.696  669.177  
672.979  396.958  
680.082  627.338  
344.175  424.522  
643.503  352.091  
384.447  678.834  
673.169  675.362  
561.845  337.973  
464.594  686.14  
689.854  513.026  
513.141  686.746  
340.648  670.435  
525.014  339.234  
599.615  337.122  
686.987  352.387  
328.884  607.511  
339.243  334.088  
333.562  374.133  
480.969  327.426  
699.946  429.301  
704.971  576.164  
375.462  324.197  
442.118  316.964  
563.282  709.396  
321.289  522.564  
623.717  701.22  
307.534  645.758  
409.632  714.442  
636.434  310.793  
706.606  707.864  
342.281  708.882  
307.047  477.877  
724.809  659.917  
687.274  306.997  
725.55  388.068  
650.36  721.1  
295.709  572.774  
302.256  395.699  
300.799  433.446  
398.912  295.061  
739.331  486.052  
295.913  701.104  
510.268  728.107  
298.419  358.357  
297.256  320.27  
524.567  298.661  
732.74  345.172  
464.827  727.843  
577.57  291.308  
741.399  535.196  
370.628  739.263  
741.2  443.518  
317.859  285.435  
356.647  287.61  
736.985  305.833  
750.308  624.067  
598.534  753.5  
693.391  750.268  
322.952  750.27  
429.828  751.74  
482.74  271.951  
431.863  270.328  
617.633  267.841  
272.314  520.164  
552.292  753.933  
276.689  750.131  
750.327  754.845  
760.739  699.962  
270.586  466.632  
276.738  269.151  
653.655  263.792  
257.132  607.113  
264.42  653.565  
267.504  411.087  
774.762  582.395  
645.543  754.402  
259.806  299.152  
263.971  341.298  
691.996  264.646  
263.002  374.5  
768.722  406.68  
739.105  260.79  
537.128  257.448  
386.444  779.852  
776  290.508  
249.729  703.176  
387.884  247.79  
509.567  779.765  
241.78  555.406  
467.627  782.366  
342.112  244.245  
781.894  349.667  
244.89  447.385  
587.289  240.876  
342.171  788.671  
289.825  235.017  
799.949  466.986  
227.372  492.124  
458.03  231.292  
805.556  646.084  
802.235  524.84  
291.915  793.153  
230.752  318.064  
229.449  258.068  
797.573  239.895  
419.839  795.149  
229.804  751.73  
804.88  724.503  
738.668  793.478  
642.358  791.906  
694.37  799.659  
233.103  404.308  
706.233  227.098  
243.873  802.552  
500.851  219.319  
557.378  798.958  
782.748  808.85  
221.187  363.443  
417.724  216.315  
755.686  216.447  
816.956  772.312  
215.341  646.589  
663.157  213.607  
600.895  822.073  
213.905  591.281  
544.05  217.548  
627.533  203.606  
812.537  271.627  
809.96  404.745  
214.223  439.313  
822.931  309.533  
206.234  695.275  
231.581  203.484  
198.97  529.495  
367.922  203.972  
323.196  197.784  
443.987  823.023  
833.648  574.387  
199.507  804.943  
806.752  201.284  
275.879  188.604  
489.783  834.991  
347.662  827.997  
589.131  198.776  
833.754  350.189  
832.428  815.285  
534.427  838.982  
188.728  396.729  
191.208  323.653  
656.949  839.359  
400.132  839.126  
187.108  275.199  
846.19  678.782  
740.74  832.041  
286.44  834.833  
188.6  755.96  
715.313  184.281  
175.592  216.608  
459.233  188.205  
183.595  445.42  
172.299  480.552  
401.177  178.903  
548.738  183.59  
849.198  417.471  
231.441  849.989  
172.038  715.049  
182.882  596.276  
860.965  483.522  
813.544  853.731  
707.351  860.326  
492.313  174.604  
522.889  171.619  
762.208  170.857  
847.717  264.996  
832.846  170.971  
158.616  559.953  
199.377  163.476  
160.581  362.487  
857.5  207.44  
866.242  742.918  
169.638  643.981  
678.567  162.588  
160.848  832.659  
183.813  861.53  
435.111  161.125  
578.193  164.558  
769.923  864.62  
561.667  868.663  
153.997  679.545  
447.571  859.772  
320.772  871.868  
360.725  162.934  
882.663  635.457  
850.763  863.67  
374.011  870.25  
155.616  784.774  
620.335  150.754  
876.592  368.22  
148.837  514.254  
878.442  802.198  
626.092  881.687  
157.049  161.778  
880.712  245.181  
874.847  296.874  
592.668  881.513  
892.518  533.966  
