535.723  522.87  
484.134  555.823  
450.462  487.105  
492.019  432.209  
585.88  485.321  
534.254  584.24  
575.205  417.892  
598.107  586.419  
462.99  600.411  
419.076  558.413  
570.854  604.016  
619.27  523.196  
610.588  561.895  
619.391  451.682  
398.132  445.063  
408.913  606.425  
403.883  502.19  
516.871  631.852  
401.538  394.052  
444.701  633.983  
599.379  630.609  
562.829  650.985  
631.593  650.077  
638.869  560.545  
442.542  360.596  
389.139  637.11  
614.62  354.036  
411.962  652.35  
560.715  375.238  
651.572  374.188  
358.795  411.493  
363.322  562.288  
467.668  660.626  
659.12  467.633  
370.724  609.143  
358.235  512.528  
535.4  350.47  
358.536  472.791  
685.131  593.486  
688.469  623.698  
504.581  680.577  
666.31  549.682  
363.121  673.509  
376.134  356.814  
496.978  326.125  
349.731  622.615  
343.137  361.088  
694.149  666.053  
406.687  692.259  
681.295  367.097  
691.266  454.122  
454.886  686.598  
575.809  702.734  
388.632  320.36  
320.894  421.548  
363.371  322.482  
698.807  557.031  
661.123  704.999  
329.334  673.192  
701.762  348.649  
330  618.409  
313.206  580.065  
311.379  541.12  
314.248  476.2  
417.794  315.086  
586.871  308.066  
434.235  709.199  
314.63  510.417  
302.712  330.07  
476.446  709.975  
319.408  714.008  
450.743  295.555  
726.832  536.351  
713.765  694.599  
533.344  306.139  
694.765  301.943  
703.141  712.846  
687.685  721.864  
518.969  732.627  
612.763  740.738  
716.757  446.595  
310.298  617.116  
651.07  728.974  
756.812  401.22  
270.748  388.419  
288.607  629.701  
638.336  283.271  
276.382  660.327  
280.058  451.994  
331.761  282.435  
741.859  595.021  
447.328  732.72  
469.157  736.26  
743.334  473.357  
401.442  736.623  
563.074  282.968  
740.981  723.547  
753.304  342.948  
758.2  514.201  
713.806  741.323  
282.301  499.707  
744.669  682.912  
279.603  602.451  
694.499  749.145  
283.978  746.315  
394.616  268.197  
771.248  281.157  
646.003  755.583  
277.983  536.505  
764.477  648.604  
497.881  273.076  
531.321  271.966  
257.924  289.566  
552.385  769.44  
262.389  575.475  
672.332  763.279  
583.113  256.367  
485.99  775.546  
300.612  243.009  
747.154  776.174  
783.259  428.974  
675.351  247.154  
451.869  762.881  
774.484  563.314  
344.24  787.388  
737.554  235.941  
446.652  246.544  
769.971  449.993  
254.868  232.664  
408.127  770.432  
611.464  249.173  
251.995  491.616  
249.925  519.165  
793.627  726.914  
226.223  323.784  
235.591  567.395  
342.539  238.618  
782.945  494.783  
493.651  238.831  
799.014  616.487  
227.85  705.775  
234.098  610.978  
240.819  453.915  
262.256  788.838  
782.655  471.166  
231.209  665.184  
219.054  549.108  
614.471  777.724  
241.131  731.162  
382.922  231.077  
704.575  805.62  
524.612  240.564  
554.377  217.875  
218.211  754.655  
624.966  229.562  
814.752  675.151  
663.666  820.172  
638.908  813.271  
817.576  771.965  
213.005  429.008  
799.667  223.438  
797.627  451.227  
818.583  515.347  
468.778  204.587  
503.563  820.836  
604.622  810.112  
427.971  809.443  
379.279  835.965  
205.88  375.793  
821.739  346.675  
627.095  813.317  
215.078  788.785  
219.167  513.604  
211.543  491.638  
556.292  825.13  
591.962  215.861  
791.287  825.279  
327.642  831.416  
696.922  207.394  
820.599  554.167  
274.402  833.449  
825.482  585.075  
645.184  189.154  
671.907  200.702  
421.831  189.636  
517.669  193.752  
223.119  817.516  
191.746  277.03  
824.671  463.3  
195.601  648.228  
314.15  199.849  
211.347  174.103  
840.7  270.035  
839.288  398.541  
198.549  471.803  
175.485  247.957  
852.003  308.18  
375.142  202.79  
621.517  195.003  
314.093  850.369  
731.814  843.533  
842.502  438.28  
194.248  702.486  
187.14  407.965  
185.847  603.272  
704.207  177.779  
170.328  775.168  
742.567  166.876  
482.538  853.889  
809.924  191.718  
856.552  212.528  
169.873  545.49  
598.273  179.806  
197.024  841.989  
158.66  200.729  
784.876  177.332  
844.746  804.275  
848.102  843.513  
167.527  725.28  
167.02  511.378  
865.872  657.929  
448.788  853.701  
337.861  182.097  
863.233  604.46  
175.4  444.468  
158.307  363.101  
561.369  162.58  
607.265  857.9  
146.671  297.253  
154.385  330.578  
419.68  875.642  
158.04  676.31  
374.909  173.11  
572.206  872.458  
869.729  732.136  
152.779  586.399  
820.388  856.205  
163.685  483.35  
300.795  158.331  
864.447  764.222  
857.673  559.741  
496.358  143.818  
874.06  484.425  
270.5  134.621  
864.429  155.066  
636.742  869.553  
233.155  875.91  
336.639  162.639  
158.836  858.316  
816.9  151.829  
890.087  515.7  
873.649  807.968  
152.468  408.644  
135.213  635.681  
430.769  145.741  
472.579  874.056  
285.986  873.878  
