488.417  515.955  
506.029  470.723  
541.076  499.355  
532.941  554.603  
533.496  470.782  
464.132  559.284  
559.95  491.172  
453.273  441.701  
545.874  435.94  
602.998  553.408  
420.368  477.133  
437.431  536.111  
574.64  493.355  
575.688  423.915  
560.129  594.819  
502.84  418.379  
605.21  592.869  
486.052  606.387  
599.461  462.441  
425.303  599.64  
618.45  506.234  
543.063  620.732  
397.874  550.963  
624.252  408.327  
511.007  639.702  
399.875  413.118  
425.498  628.322  
459.362  393.548  
609.308  641.509  
586.093  628.924  
644.578  480.668  
382.221  499.688  
432.649  351.942  
633.108  634.594  
507.531  377.215  
655.557  427.702  
654.56  457.005  
365.232  459.172  
561.651  333.012  
628.956  354.301  
388.73  371.858  
572.214  669.869  
431.834  670.693  
667.986  624.94  
485.059  670.374  
358.074  682.908  
339.075  572.563  
681.709  535.486  
323.521  623.707  
369.384  404.239  
518.242  336.91  
362.936  514.985  
350.238  414.593  
674.383  430.409  
542.515  694.577  
345.041  496.093  
680.395  478.555  
337.591  366.773  
389.094  341.94  
615.309  691.327  
651.223  688.854  
470.569  336.241  
346.646  326.606  
316.544  446.404  
719.619  571.733  
703.326  371.291  
696.389  685.147  
501.259  697.55  
302.432  503.672  
403.153  728.56  
715.551  405.768  
696.355  431.201  
482.15  309.508  
290.327  650.311  
309.602  393.228  
720.479  318.063  
294.631  598.805  
659.649  295.496  
735.361  347.373  
315.817  706.13  
724.808  476.543  
466.834  721.841  
284.952  682.692  
367.871  735.513  
300.421  351.788  
391.763  292.89  
609.882  743.348  
297.288  326.91  
766.939  611.153  
743.628  659.842  
511.102  724.062  
737.981  444.266  
300.389  284.578  
604.539  268.758  
730.115  281.943  
733.654  701.164  
753.419  488.988  
735.817  719.201  
749.365  517.295  
670.509  744.527  
556.226  756.183  
288.026  580.779  
433.702  269.378  
512.213  281.82  
317.426  266.995  
327.77  740.962  
347.037  280.035  
290.762  731.442  
272.384  708.498  
266.984  548.385  
734.401  740.081  
267.119  421.874  
540.56  270.722  
272.607  311.675  
515.339  762.823  
267.996  362.395  
719.147  777.082  
467.035  750.787  
760.899  371.298  
469.049  247.204  
769.513  425.848  
772.784  312.665  
562.824  241.5  
271.212  747.559  
778.898  571.334  
254.233  282.879  
263.724  269.56  
452.599  778.004  
354.673  761.312  
762.438  700.793  
760.955  757.166  
309.004  777.883  
632.328  244.305  
780.565  645.01  
766.316  722.601  
394.061  244.241  
254.27  294.156  
225.524  465.986  
238.403  485.6  
204.118  480.682  
260.553  768.587  
672.049  228.045  
724.498  238.525  
221.972  508.243  
236.959  587.986  
254.377  252.242  
666.073  780.167  
337.796  240.043  
230.526  660.856  
235.814  305.317  
773.143  227.316  
206.125  630.44  
804.094  534.078  
789.58  688.996  
396.515  805.311  
226.231  348.818  
354.624  777.976  
222.626  721.326  
802.088  390.136  
781.283  804.6  
806.635  490.755  
237.222  774.524  
271.087  234.877  
795.53  747.859  
203.197  441.482  
789.665  719.01  
223.874  410.041  
613.487  806.394  
289.058  213.139  
531.815  215.08  
214.774  555.097  
223.85  219.973  
824.401  283.935  
815.613  338.785  
351.707  816.45  
361.446  211.228  
828.593  243.595  
282.579  814.636  
219.447  258.242  
246.525  215.264  
530.41  811.156  
477.848  818.785  
239.502  805.795  
571.902  824.887  
807.488  209.18  
821.917  639.898  
665.451  812.997  
819.071  720.547  
423.633  199.055  
503.509  198.14  
724.943  197.305  
835.402  433.419  
422.72  850.43  
453.33  200.791  
719.775  831.012  
201.577  784.473  
628.57  197.304  
592.627  833.18  
208.671  812.348  
195.881  309.62  
324.956  195.037  
837.365  557.666  
837.998  676.105  
182.326  386.667  
401.334  178.301  
262.118  200.465  
824.123  781.999  
212.117  828.437  
182.203  537.064  
171.46  608.836  
182.584  260.69  
476.299  176.076  
197.12  194.414  
299.456  839.932  
174.18  685.699  
847.852  802.889  
588.417  165.558  
853.175  314.501  
549.179  841.409  
219.076  167.383  
835.461  846.378  
513.034  847.135  
167.092  576.429  
540.298  188.914  
239.926  849.576  
258.646  171.721  
556.423  161.114  
866.678  764.134  
162.139  738.513  
181.086  725.196  
770.217  185.323  
163.554  358.164  
301.222  167.683  
837.027  171.069  
164.572  206.299  
671.639  855.726  
605.755  165.964  
168.286  508.598  
871.826  596.026  
623.94  846.605  
163.697  807.114  
197.547  867.073  
383.761  152.961  
706.45  150.495  
168.994  456.356  
158.339  308.783  
762.167  167.464  
880.947  376.978  
144.552  767.661  
870.264  477.659  
316.611  853.542  
666.646  145.964  
866.471  691.581  
159.137  477.21  
146.976  424.525  
158.654  175.321  
862.767  347.963  
