493.385  515.932  
537.262  506.716  
517.617  546.105  
504.983  474.231  
468.943  554.759  
552.631  559.251  
554.061  451.987  
452.95  499.731  
469.507  444.549  
580.757  479.372  
574.758  514.538  
589.674  542.208  
515.514  580.719  
591.154  578.244  
445.291  596.042  
424.229  462.731  
512.629  425.345  
413.546  532.399  
560.281  601.542  
614.35  455.666  
446.379  405.118  
505.296  610.817  
561.75  405.309  
626.978  503.184  
632.97  423.204  
626.767  599.792  
596.525  625.684  
396.982  411.323  
598.464  383.054  
630.853  551.647  
375.791  577.622  
546.22  631.524  
384.701  629.504  
489.524  647.033  
436.671  649.229  
505.902  378.022  
383.95  467.619  
645.564  389.234  
634.763  654.412  
356.382  517.953  
584.698  657.532  
399.151  361.617  
532.939  662.761  
669.608  623.728  
451.517  350.749  
668.06  452.672  
672.653  581.112  
670.699  535.485  
559.338  343.839  
351.675  408.047  
680.609  495.962  
350.387  351.899  
626.713  344.672  
675.559  369.414  
390.322  683.189  
351.573  691.725  
332.862  647.616  
340.312  463.071  
694.567  660.223  
678.081  689.97  
565.495  689.051  
481.979  691.269  
696.051  412.901  
602.918  696.622  
498.01  323.411  
313.879  558.206  
687.384  329.316  
638.202  702.283  
440.627  705.198  
303.831  610.427  
534.11  704.199  
313.436  425.565  
404.433  313.269  
713.588  462.204  
711.86  544.746  
716.913  595.591  
300.904  493.389  
322.576  709.4  
304.082  351.909  
716.01  368.673  
402.092  722.196  
727.921  634.431  
631.385  307.84  
306.354  304.823  
728.837  717.162  
513.862  731.103  
558.34  295.349  
357.552  276.154  
735.084  499.874  
676.727  731.117  
580.698  735.476  
739.67  316.485  
694.03  291.284  
279.122  658.281  
739.83  421.902  
749.096  675.91  
282.388  697.958  
485.459  276.7  
608.279  276.008  
282.977  417.752  
425.687  270.455  
476.333  748.356  
370.718  752.899  
292.711  731.675  
635.218  746.235  
662.84  267.207  
333.204  753.484  
749.965  539.418  
756.667  583.777  
256.702  384.63  
421.838  758.886  
257.489  533.967  
750.624  369.277  
752.465  276.479  
534.301  765.196  
292.918  266.079  
711.624  767.66  
255.642  576.859  
763.442  459.156  
251.112  462.55  
753.211  769.679  
528.393  244.226  
708.25  253.429  
250.928  343.808  
614.161  775.829  
292.758  766.522  
255.364  742.839  
247.187  496.576  
572.35  246.704  
780.292  633.504  
237.916  299.741  
675.734  776.64  
789.576  744.387  
231.252  617.345  
782.289  409.299  
636.753  242.609  
777.123  497.734  
576.162  781.773  
789.986  354.423  
242.54  245.653  
450.621  790.366  
240.638  704.422  
233.25  427.33  
796.978  701.273  
789.474  312.08  
748.143  238.506  
466.171  222.696  
789.502  237.061  
784.522  539.71  
231.016  770.01  
401.028  223.134  
226.055  659.561  
489.566  801.491  
342.691  221.095  
600.424  227.326  
400.254  804.055  
329.696  793.765  
653.364  803.08  
802.686  268.916  
799.695  587.194  
282.55  807.033  
288.969  223.14  
797.033  798.071  
672.499  217.933  
807.42  448.604  
363.576  813.572  
239.509  815.89  
820.939  663.677  
532.56  811.956  
715.301  215.18  
742.617  815.44  
821.5  389.701  
808.281  495.813  
815.693  550.118  
199.018  516.727  
194.403  396.737  
622.42  823.419  
196.258  743.627  
194.827  568.077  
766.12  204.897  
630.787  204.802  
688.189  830.248  
199.732  343.044  
197.636  256.01  
577.411  820.577  
197.393  697.436  
191.18  214.644  
529.885  195.111  
190.866  460.264  
831.072  518.307  
189.9  795.037  
251.776  184.808  
584.153  194.274  
799.711  189.444  
836.35  612.655  
830.967  304.633  
437.816  836.108  
842.499  209.589  
180.983  293.641  
326.005  833.01  
844.57  784.228  
841.857  253.849  
835.279  838.433  
436.061  171.808  
852.58  343.025  
843.313  477.563  
847.001  735.896  
213.053  169.619  
695.967  182.71  
744.792  177.746  
386.412  173.671  
189.395  847.689  
791.244  847.929  
495.46  846.372  
291.941  170.614  
849.169  436.203  
850.013  565.502  
163.147  612.385  
336.313  171.959  
485.041  164.72  
168.122  662.206  
645.523  175.145  
569.265  856.709  
373.001  858.623  
733.877  859.342  
272.902  865.916  
316.596  863.912  
843.33  163.924  
226.69  873.175  
533.193  870.138  
862.666  389.031  
861.508  665.297  
156.113  724.324  
147.891  187.658  
861.72  523.755  
624.427  863.614  
149.241  496.047  
146.31  431.996  
157.171  351.318  
410.644  877.62  
584.643  161.061  
873.418  291.423  
148.94  814.007  
676.654  875.381  
458.524  877.198  
720.713  150.31  
885.656  713.848  
681.972  147.413  
173.3  136.585  
884.687  817.773  
872.727  872.569  
136.057  773.159  
136.99  238.452  
797.613  148.716  
131.979  552.679  
528.422  142.929  
882.391  485.83  
