507.159  509.671  
491.296  542.613  
552.146  507.496  
548.816  552.105  
476.413  468.891  
524.652  463.179  
577.328  468.214  
441.715  501.025  
482.794  576.707  
430.445  547.562  
571.157  586.21  
438.907  586.325  
429.445  449.37  
599.021  521.804  
537.891  602.685  
556.073  418.926  
502.912  422.386  
503.659  608.936  
599.249  416.41  
606.64  584.258  
458.815  399.22  
459.897  615.657  
627.573  439.14  
629.566  480.973  
401.185  611.584  
407.92  402.895  
634.682  551.45  
396.365  510.502  
598.31  629.206  
431.556  640.395  
381.217  575.067  
568.007  644.217  
379.415  430.22  
648.826  623.695  
478.14  642.608  
376.18  464.82  
633.933  388.124  
509.53  378.941  
585.173  373.956  
530.928  647.834  
653.733  589.413  
658.664  511.158  
361.413  536.18  
425.052  363.665  
546.829  354.336  
633.479  661.856  
358.2  626.872  
381.683  359.611  
500.191  668.71  
405.979  669.356  
359.89  493.905  
354.871  384.805  
674.698  440.406  
672.842  377.283  
471  347.989  
351.508  677.862  
677.293  674.52  
461.501  682.968  
685.853  556.519  
603.661  686.355  
640.686  346.697  
566.598  679.733  
337.673  570.54  
603.552  329.918  
334.663  435.751  
699.448  495.679  
523.196  698.941  
506.945  326.156  
325.746  403.142  
368.637  324.191  
705.579  645.732  
327.932  467.728  
703.35  605.259  
329.517  503.595  
691.941  330.72  
326.381  329.614  
376.31  705.675  
418.985  324.321  
709.092  396.909  
570.101  311.477  
635.358  714.715  
308.842  667.959  
312.869  536.111  
455.623  310.635  
649.435  314.981  
421.149  714.364  
308.383  626.217  
302.457  584.416  
720.345  353.494  
298.771  371.875  
690.188  731.687  
314.827  720.629  
534.485  297.157  
722.603  444.871  
572.577  724.337  
733.535  530.197  
466.977  727.453  
741.728  690.477  
734.464  575.84  
705.467  296.161  
292.083  495.031  
293.57  417.064  
351.89  741.432  
286.34  456.122  
482.644  283.667  
663.619  286.329  
282.061  704.366  
402.252  278.919  
615.548  285.749  
284.518  321.417  
364.733  285.087  
518.694  746.208  
742.927  310.413  
391.236  745.671  
327.093  276.462  
751.522  485.833  
752.511  740.702  
436.663  277.744  
750.119  639.931  
283.424  268.226  
750.966  389.243  
278.654  534.267  
730.227  269.662  
624.815  764.282  
576.211  271.066  
764.232  425.784  
260.78  566.886  
507.778  261.68  
263.719  753.582  
261.812  608.673  
764.781  342.755  
262.705  664.23  
312.83  761.988  
684.874  260.579  
772.481  596.7  
415.235  772.635  
250.536  357.056  
562.219  772.585  
256.982  417.669  
537.957  254.011  
467.98  776.125  
773.454  543.07  
245.898  476.395  
247.794  514.621  
648.026  248.214  
242.706  303.355  
774.884  268.158  
451.928  245.143  
779.314  303.977  
242.211  712.113  
759.524  241.523  
370.75  241.768  
616.047  245.237  
787.928  451.073  
683.238  789.965  
231.572  641.647  
789.366  371.406  
751.717  784.763  
346.345  791.194  
227.393  256.225  
576.812  242.099  
801.124  506.775  
416.959  228.749  
483.361  227.686  
696.721  233.077  
791.366  646.134  
802.829  700.569  
383.207  801.169  
266.073  796.919  
225.471  541.427  
296.552  217.853  
331.627  225.778  
729.767  228.507  
299.424  802.054  
220.63  441.91  
520.755  809.624  
214.644  381.104  
590.665  810.49  
252.217  212.916  
212.214  779.777  
798.075  252.581  
554.852  222.663  
811.209  557.798  
818.862  750.735  
660.156  216.924  
214.654  609.265  
214.413  569.999  
517.153  215.185  
209.38  675.249  
796.198  216.676  
204.328  736.854  
810.208  816.339  
436.888  818.24  
597.024  214.324  
812.478  288.283  
821.422  393.677  
824.325  336.785  
819.122  603.009  
232.989  823.151  
204.605  504.291  
645.349  832.109  
199.176  211.223  
391.42  199.859  
822.21  463.458  
186.798  333.079  
195.926  291.409  
710.501  837.647  
760.427  198.006  
830.58  663.186  
446.462  190.739  
822.045  244.18  
706.076  201.655  
839.583  428.174  
316.576  831.138  
755.179  827.297  
347.837  189.317  
638.321  185.728  
544.927  195.467  
483.77  852.577  
183.391  414.566  
389.213  835.345  
352.723  842.845  
489.634  180.789  
847.921  200.207  
185.339  837.134  
171.904  458.376  
602.925  185.554  
851.168  489.616  
171.697  693.059  
686.757  178.008  
808.128  178.742  
169.843  589.182  
569.122  171.377  
165.935  636.961  
171.693  544.661  
730.655  173.169  
851.814  300.399  
860.983  533.063  
278.867  857.873  
860.075  636.626  
596.145  853.237  
282.704  162.661  
852.46  253.008  
870.656  782.878  
540.207  868.506  
159.49  242.304  
861.143  579.135  
158.104  788.35  
240.9  161.043  
325.772  154.971  
528.444  162.898  
866.146  841.357  
163.519  500.321  
867.765  373.962  
153.536  375.931  
873.468  708.446  
676.432  871.409  
