520.646  500.372  
496.614  552.742  
561.497  527.426  
474.449  501.516  
482.732  470.437  
464.86  536.59  
521.709  458.092  
564.78  462.088  
452.499  455.095  
563.667  579.254  
448.885  577.694  
441.393  533.736  
476.121  602.002  
408.14  483.607  
602.739  454.803  
499.313  418.128  
541.245  414.574  
425.827  419.148  
615.634  520.645  
419.013  564.318  
566.773  410.163  
420.142  598.567  
541.153  623.688  
601.761  408.453  
585.638  623.663  
391.059  528.183  
618.879  625.893  
453.296  375.661  
648.831  555.978  
505.481  644.144  
638.472  597.372  
398.15  581.207  
642.46  467.806  
407.466  635.292  
373.727  608.401  
636.977  400.208  
451.321  645.493  
490.899  367.811  
374.952  565.391  
400.805  373.978  
377.413  418.307  
515.386  384.232  
422.792  391.52  
653.03  632.541  
469.726  668.989  
426.747  364.232  
604.689  367.948  
553.552  355.171  
600.603  655.183  
680.75  427.969  
362.249  367.869  
670.231  496.019  
338.504  457.661  
631.895  353.199  
358.697  664.518  
670.45  357.991  
579.488  674.052  
412.367  683.376  
334.741  494.111  
631.935  688.793  
673.602  673.831  
549.066  687.931  
682.05  607.391  
334.946  545.927  
340.27  525.492  
328.431  408.335  
493.238  684.554  
330.696  578.665  
398.621  324.023  
479.387  323.822  
724.757  523.43  
583.531  308.305  
344.733  328.541  
692.315  561.677  
697.898  477.012  
309.974  341.004  
521.421  713.427  
498.163  702.667  
317.822  701.833  
719.959  369.905  
710.803  713.273  
292.174  621.777  
711.844  654.501  
445.388  720.086  
708.172  679.653  
304.091  667.236  
362.322  297.569  
624.454  283.856  
685.362  300.168  
319.481  302.76  
590.282  726.282  
746.767  618.032  
732.501  564.248  
726.454  293.543  
508.186  285.825  
490.729  739.215  
301.61  527.057  
724.988  480.56  
339.079  738.692  
668.384  738.301  
736.836  421.822  
277.175  366.056  
755.888  473.748  
422.963  748.311  
383.535  750.161  
405.999  755.032  
290.333  471.24  
444.796  274.113  
745.307  402.072  
757.097  442.559  
289.618  568.773  
629.591  753.153  
544.642  751.51  
756.856  681.667  
274.611  410.852  
402.189  261.992  
264.143  287.372  
262.376  741.922  
256.322  654.18  
709.383  766.277  
267.19  509.03  
322.491  268.154  
266.099  531.991  
766.327  752.436  
647.642  245.247  
247.131  604.474  
253.436  447.022  
281.154  257.232  
687.585  261.838  
466.006  762.558  
536.296  254.944  
240.396  324.841  
773.236  287.434  
230.872  689.181  
263.119  478.621  
366.464  243.802  
764.388  369.007  
304.188  783.363  
249.828  557.729  
579.264  780.328  
346.946  237.494  
775.863  419.606  
803.417  572.158  
354.158  779.952  
804.294  348.031  
564.439  213.76  
659.688  778.805  
500.599  803.97  
446.463  791.954  
246.441  777.998  
494.752  242.497  
722.874  229.576  
231.71  384.658  
228.487  266.609  
219.139  581.619  
242.483  228.992  
444.12  235.005  
783.72  370.164  
222.826  504.208  
232.985  483.939  
402.904  786.571  
336.006  795.681  
218.605  530.708  
232.742  420.551  
321.865  237.249  
803.811  447.435  
812.508  691.329  
799.051  222.376  
391.838  806.991  
272.643  208.765  
828.048  495.122  
725.998  819.502  
785.341  796.023  
812.065  396.94  
822.417  736.625  
635.52  809.561  
765.367  828.059  
687.48  810.089  
830.192  650.595  
220.667  447.361  
490.098  210.518  
801.414  752.133  
594.768  809.778  
821.509  268.11  
211.015  802.599  
393.209  204.099  
660.447  824.524  
256.331  815.412  
321.007  206.763  
657.543  203.461  
200.235  473.09  
192.823  255.105  
817.806  778.281  
213.781  404.566  
186.884  324.493  
550.076  826.672  
196.856  754.739  
355.831  827.498  
438.179  190.6  
823.16  811.735  
298.807  832.577  
170.316  641.878  
195.79  427.778  
845.962  293.272  
844.844  321.025  
219.424  185.595  
787.302  174.113  
405.082  857.184  
180.869  730.512  
460.242  844.067  
180.379  380.049  
190.781  394.487  
708.47  179.465  
622.203  852.787  
364.773  168.748  
839.597  235.011  
865.699  620.056  
229.778  848.311  
161.676  575.53  
858.929  540.356  
585.397  844.137  
844.781  184.868  
853.018  725.641  
860.492  437.518  
156.482  349.407  
602.571  148.743  
144.984  711.778  
866.302  380.976  
160.09  502.806  
833.498  857.8  
807.03  878.936  
654.061  147.124  
861.345  345.409  
878.205  773.963  
538.273  855.096  
168.118  216.492  
516.515  165.148  
155.807  800.456  
169.446  165.246  
730.282  139.876  
687.921  861.287  
192.266  871.102  
866.581  520.429  
849.057  701.541  
158.254  406.873  
868.482  827.354  
295.168  155.262  
345.668  873.978  
739.996  862.407  
130.912  449.698  
858.104  234.349  
877.677  578.619  
525.096  876.786  
870.512  502.838  
863.62  692.423  
340.878  145.717  
436.086  144.408  
