505.216  534.077  
537.966  509.407  
516.641  474.638  
463.892  488.934  
567.401  529.816  
453.89  553.029  
549.701  571.17  
576.586  476.897  
485.701  583.546  
483.144  433.641  
552.937  433.827  
517.873  604.618  
423.706  423.656  
586.934  594.66  
416.113  465.48  
607.977  550.848  
418.409  529.681  
612.781  441.47  
617.444  507.205  
406.494  601.733  
448.203  632.485  
396.238  499.77  
393.49  563.794  
514.007  391.823  
588.224  391.711  
554.718  630.761  
631.149  580.42  
623.036  628.503  
548.633  385.397  
443.072  379.94  
634.153  380.149  
482.442  372.296  
586.405  655.307  
509.356  652.286  
369.967  403.712  
653.247  473.769  
382.9  636.678  
659.332  422.528  
403.736  358.437  
658.652  605.702  
362.001  463.757  
359.818  522.969  
671.727  521.82  
675.747  561.655  
671.206  649.602  
356.056  585.127  
630.235  677.695  
477.622  690.795  
388.207  683.297  
344.454  664.904  
354.321  340.908  
676.515  344.62  
602.196  336.095  
545.455  340.259  
427.716  696.78  
550.959  698.682  
701.059  385.16  
317.823  617.521  
453.394  325.875  
691.772  476.249  
319.638  564.936  
645.852  318.241  
324.477  392.556  
503.235  311.216  
700.778  612.798  
708.702  673.493  
312.038  453.086  
704.278  432.928  
681.352  710.965  
315.506  511.733  
390.197  308.001  
317.903  712.539  
318.746  320.492  
621.777  725.846  
715.794  337.063  
723.558  494.368  
350.934  732.555  
298.922  672.904  
563.556  295.021  
731.409  542.983  
733.332  587.974  
285.882  351.488  
426.328  283.878  
512.455  737.518  
714.617  296.914  
741.327  643.6  
674.076  280.002  
583.095  750.05  
746.762  703.063  
382.2  746.916  
616.075  276.988  
477.978  741.456  
281.18  405.608  
422.875  735.573  
282.819  290.859  
352.813  272.71  
740.999  439.177  
268.054  637.952  
450.8  762.464  
470.616  268.178  
753.511  381.297  
266.6  573.355  
690.4  754.565  
752.469  326.503  
539.781  764.011  
257.561  704.705  
264.335  514.286  
262.69  754.979  
753.203  283.842  
299.54  769.088  
254.667  466.757  
754.202  769.821  
315.654  249.996  
765.95  494.156  
552.979  249.541  
409.054  767.401  
241.897  423.765  
509.75  234.589  
776.771  729.454  
714.355  254.356  
394.633  237.778  
245.314  370.242  
779.818  575.746  
772.504  632.518  
635.675  791.153  
329.883  785.367  
773.916  434.501  
237.795  320.471  
645.402  240.577  
780.863  354.703  
238.24  272.374  
365.896  786.878  
776.257  245.488  
794.709  528.486  
588.876  226.321  
797.209  670.222  
488.714  788.355  
246.431  224.478  
450.373  222.086  
290.677  217.258  
701.412  797.233  
792.13  326.367  
797.93  284.254  
585.26  798.269  
804.734  606.708  
734.601  221.28  
809.243  408.175  
686.895  215.453  
261.467  798.379  
221.999  637.104  
410.821  797.757  
807.879  458.708  
809.298  706.923  
210.951  560.547  
215.33  743.63  
809.712  753.084  
541.727  802.578  
213.359  784.663  
208.156  485.85  
804.721  634.612  
451.961  815.503  
351.805  203.091  
808.854  816.61  
819.352  371.627  
763.316  816.395  
826.762  785.916  
207.616  362.053  
806.473  199.157  
518.887  825.592  
630.905  202.333  
828.642  232.719  
224.19  821.938  
188.685  709.926  
766.693  199.078  
823.248  313.611  
822.805  343.176  
301.532  829.721  
192.051  418.309  
191.189  260.836  
194.453  218.338  
837.238  477.237  
835.292  579.077  
665.737  837.912  
373.626  835.803  
338.177  829.261  
192.076  309.252  
713.913  832.444  
177.832  659.626  
486.598  837.465  
522.49  170.038  
838.252  637.525  
578.578  835.505  
412.954  841.58  
263.262  833.616  
845.617  534.877  
581.403  178.976  
446.139  174.158  
848.687  686.684  
180.505  816.12  
202.257  175.762  
651.619  178.658  
846.53  287.623  
386.203  169.811  
727.833  181.461  
854.567  726.333  
297.657  173.539  
701.693  174.204  
153.851  610.308  
167.469  506.372  
252.638  165.856  
637.7  861.136  
608.816  868.249  
829.197  851.688  
166.494  371.517  
788.009  855.545  
195.63  859.165  
164.978  772.024  
842.945  162.034  
860.815  819.02  
544.577  858.335  
155.507  454.205  
860.086  412.096  
864.208  766.752  
854.829  333.247  
867.208  254.861  
752.98  862.344  
155.132  569.209  
233.465  866.508  
155.484  326.31  
683.007  154.462  
863.908  371.918  
753.758  160.611  
455.092  867.838  
796.653  154.796  
331.326  150.719  
278.051  869.478  
152.091  842.454  
326.932  865.81  
877.528  213.371  
877.466  450.741  
879.349  503.49  
509.212  869.123  
876.705  601.163  
702.044  869.036  
140.568  533.99  
144.334  207.681  
876.347  654.257  
859.809  869.524  
607.74  144.055  
141.941  269.797  
140.166  157.097  
577.596  878.534  
150.539  882.559  
646.171  145.399  
349.814  892.877  
815.143  887.384  
378.308  897.286  
