495.277  517.421  
540.587  521.327  
502.946  477.632  
546.077  453.736  
526.294  556.728  
486.419  556.483  
455.336  494.969  
580.515  488.309  
550.726  566.173  
570.517  516.796  
467.586  444.848  
576.505  551.548  
505.126  436.037  
469.576  593.641  
531.274  582.243  
583.005  575.519  
417.264  524.211  
569.695  411.693  
608.506  511.957  
424.99  458.162  
617.77  457.071  
439.587  414.614  
559.575  602.896  
603.804  597.228  
532.247  606.557  
373.742  570.192  
388.015  635.55  
631.55  545.52  
498.922  389.901  
396.412  412.342  
604.26  387.576  
435.833  652.281  
639.246  422.627  
498.023  650.818  
629.961  645.884  
388.389  456.462  
596.5  637.81  
544.499  631.729  
640.507  392.348  
552.498  649.948  
456.524  364.27  
399.991  369.195  
579.308  656.479  
676.669  590.347  
354.316  510.204  
666.349  628.632  
568.22  339.073  
691.092  493.547  
672.795  440.661  
634.614  351.011  
672.313  539.144  
351.372  412.081  
341.297  369.34  
677.847  372.019  
465.087  688.677  
343.021  459.87  
690.324  663.539  
562.507  677.126  
494.281  325.682  
701.926  404.983  
348.339  700.341  
373.587  703.787  
679.889  691.179  
690.11  328.931  
318.16  652.447  
599.44  701.924  
711.24  462.507  
636.847  710.201  
297.224  618.061  
408.781  308.558  
309.991  344.254  
436.168  707.147  
304.089  563.027  
414.587  719.835  
547.928  705.078  
307.18  433.076  
719.054  636.84  
322.799  707.995  
641.576  304.75  
303.997  484.097  
715.429  541.188  
710.614  374.291  
524.632  736.198  
665.483  727.663  
483.905  745.173  
725.596  598  
720.694  711.365  
735.881  431.702  
696.91  292.289  
737.545  675.422  
293.831  299.469  
700.625  748.788  
280.145  679.929  
741.404  365.087  
581.571  739.807  
361.332  261.299  
288.033  725.725  
733.174  300.979  
280.851  423.774  
570.566  280.639  
497.123  273.961  
609.271  264.441  
305.69  747.117  
415.054  752.686  
277.594  701.305  
367.462  754.931  
751.95  506.223  
756.902  574.249  
771.991  738.395  
248.478  529.298  
255.166  394.412  
755.525  535.818  
645.088  750.529  
245.022  496.192  
763.698  462.407  
408.165  264.321  
747.614  267.335  
325.206  763.677  
254.013  564.185  
784.645  703.449  
657.241  260.983  
284.159  261.985  
613.035  772.775  
263.108  722.875  
242.858  348.397  
778.067  627.847  
243.571  465.293  
762.459  770.426  
455.007  229.185  
786.576  413.8  
546.057  772.038  
707.351  250.19  
783.77  350.484  
239.712  622.315  
247.241  438.193  
552.14  237.972  
225.994  759.448  
633.832  245.61  
658.088  774.888  
457.046  789.874  
574.179  782.999  
765.819  247.687  
804.224  314.895  
395.43  795.983  
235.57  673.769  
579.541  247.82  
215.246  731.639  
232.648  297.024  
344.169  214.695  
778.704  505.233  
284.368  805.618  
241.82  702.477  
248.36  806.638  
784.656  250.181  
786.433  535.213  
792.6  578.23  
528.971  802.275  
232.949  253.922  
821.423  660.492  
326.078  789.792  
210.602  705.529  
279.108  232.398  
805.716  462.388  
492.783  809.902  
533.713  199.157  
607.06  224.15  
204.773  408.103  
665.792  212.929  
802.218  255.605  
676.293  836.629  
650.936  796.61  
399.256  213.587  
807.98  502.599  
751.551  817.8  
822.344  393.226  
635.803  214.144  
817.129  801.382  
222.727  191.599  
807.628  544.584  
706.875  208.648  
287.44  187.181  
199.971  515.717  
759.952  201.37  
198.776  802.624  
572.599  818.882  
347.209  826.521  
195.591  563.524  
625.577  821.678  
253.179  195.57  
830.263  205.165  
829.596  255.271  
190.802  338.503  
202.052  256.182  
312.428  843.105  
833.134  301.033  
325.998  834.241  
187.246  462.752  
169.028  664.666  
843.211  787.248  
601.792  192.158  
445.745  840.897  
185.566  218.609  
846.48  596.64  
858.753  744.727  
832.269  520.855  
845.007  552.68  
162.244  613.595  
177.757  279.451  
374.47  856.534  
484.67  161.02  
855.298  345.734  
827.98  838.403  
507.111  849.732  
425.013  178.069  
733.002  184.24  
799.291  176.502  
842.182  474.069  
227.496  860.768  
604.945  859.787  
859.105  449.23  
391.014  173.575  
799.258  863.493  
281.498  862.591  
657.68  172.74  
866.028  285.136  
334.442  164.576  
179.766  849.53  
707.057  173.938  
147.757  195.43  
681.459  155.299  
566.242  857.803  
536.976  871.969  
134.558  782.199  
865.072  391.37  
146.421  722.561  
372.493  146.548  
836.659  161.182  
892.297  704.284  
742.531  869.505  
877.482  493.685  
137.232  828.382  
128.184  816.098  
156.931  329.702  
795.896  150.645  
864.571  521.751  
146.742  508.343  
171.413  143.665  
595.954  157.284  
885.084  427.875  
870.288  858.153  
148.41  423.817  
871.824  657.389  
724.801  154.611  
746.981  135.807  
777.84  129.14  
688.873  884.238  
885.979  167.866  
