491.833  519.241  
509.386  464.264  
531.132  557.234  
562.862  522.439  
491.772  564.311  
460.022  505.264  
568.22  441.443  
450.116  564.89  
449.761  470.071  
432.362  438.061  
597.282  603.75  
422.502  483.055  
412.2  517.691  
473.165  397.257  
536.296  604.309  
494.361  614.634  
614.946  541.298  
427.864  614.276  
458.566  644.798  
622.227  422.158  
631.536  462.322  
382.89  548.243  
394.242  388.605  
545.174  636.543  
649.668  500.916  
377.378  603.079  
383.06  481.455  
386.343  442.226  
591.407  376.669  
647.194  627.317  
393.114  663.54  
621.392  653.231  
534.269  349.932  
650.395  522.222  
662.79  394.666  
593.031  652.534  
658.817  559.789  
576.785  668.659  
509.247  660.678  
372.594  644.734  
679.146  465.343  
556.554  661.943  
629.834  348.14  
340.863  567.551  
487.888  336.772  
351.75  350.195  
352.384  472.385  
680.074  673.936  
698.964  595.002  
346.445  393.944  
353.252  655.881  
444.29  329.524  
430.585  688.567  
323.261  424.163  
405.047  325.324  
688.72  623.464  
530.344  679.734  
672.644  334.235  
322.098  626.047  
708.357  509.325  
563.297  687.983  
705.877  557.887  
618.078  703.463  
699.473  364.547  
462.476  704.484  
505.803  690.94  
325.041  658.703  
359.032  704.799  
573.729  316.458  
719.924  431.656  
323.045  481.055  
606.467  281.355  
488.693  725.75  
405.22  715.896  
721.291  395.975  
558.658  713.209  
284.795  506.49  
538.792  713.697  
306.645  693.069  
362.758  301.844  
647.076  295.351  
720.512  651.773  
312.294  305.306  
706.769  307.775  
291.714  598.918  
518.664  711.739  
689.214  731.786  
299.504  372.481  
475.805  291.068  
733.216  617.706  
273.72  551.349  
509.927  300.642  
747.489  333.088  
315.115  726.337  
746.289  689.942  
563.836  289.594  
285.84  665.415  
731.941  365.797  
739.855  729.345  
296.552  456.439  
422.397  736.793  
527.353  282.677  
372.67  276.022  
582.633  750.978  
449.955  734.511  
448.111  282.104  
752.005  379.125  
519.432  746.847  
768.953  479.228  
359.405  746.649  
637.672  767.707  
608.999  747.478  
278.624  719.152  
267.835  417.961  
396.436  264.602  
550.169  753.007  
263.655  465.549  
261.779  345.199  
692.982  274.252  
299.081  743.798  
777.568  582.384  
762.013  539.099  
728.212  245.191  
568.714  245.932  
467.456  763.785  
766.32  639.672  
442.489  755.193  
255.27  259.92  
768.252  261.363  
413.888  772.126  
261.156  377.732  
310.614  248.869  
250.261  654.587  
292.747  765.612  
238.719  295.257  
491.847  243.64  
778.646  408.653  
737.839  769.449  
519.585  261.199  
504.764  772.287  
434.815  244.397  
251.242  721.174  
789.64  757.116  
777.945  716.755  
359.526  784.354  
806.399  295.575  
223.736  586.556  
795.6  327.9  
690.603  788.669  
667.467  236.105  
484.983  796.192  
216.229  773.375  
539.824  784.547  
530.726  223.409  
803.466  678.849  
572.966  792.428  
258.517  808.716  
794.986  522.997  
213.05  530.933  
232.043  421.612  
761.247  808.491  
806.561  720.801  
322.649  808.407  
215.849  326.671  
214.907  356.589  
355.444  192.125  
606.11  823.83  
210.093  618.761  
203.801  483.848  
207.987  232.373  
216.434  722.129  
401.621  200.922  
787.237  207.807  
814.919  556.309  
441.036  808.017  
444.425  203.597  
834.494  355.691  
826.542  634.861  
478.882  188.195  
599.898  192.742  
396.998  811.206  
206.988  676.283  
188.919  393.626  
559.847  819.698  
208.013  644.2  
290.11  202.328  
826.503  485.994  
833.68  779.841  
521.166  823.375  
660.483  832.453  
819.329  417.067  
831.009  524.769  
176.067  446.23  
823.992  248.829  
842.441  272.612  
840.21  815.352  
684.317  204.158  
185.777  836.602  
703.857  826.77  
303.779  834.733  
177.491  293.239  
817.004  194.644  
842.922  747.516  
353.301  854.274  
230.617  184.431  
751.916  156.631  
468.062  862.702  
852.687  713.959  
185.007  737.807  
437.327  844.237  
181.398  181.637  
548.91  156.438  
176.931  336.164  
401.446  841.842  
854.08  234.143  
159.67  686.019  
858.367  569.536  
822.521  859.102  
524.158  154.448  
850.842  417.199  
854.177  205.634  
246.114  862.511  
641.158  159.19  
164.519  649.872  
162.083  607.006  
834.384  163.627  
755.313  858.185  
291.381  854.921  
691.716  153.491  
869.871  299.728  
522.824  860.469  
154.493  531.509  
882.245  446.544  
698.821  863.165  
569.901  140.782  
871.917  844.303  
145.877  779.365  
260.782  139.128  
568.004  890.759  
152.307  224.057  
300.332  152.168  
874.856  678.335  
711.419  889.915  
660.383  879.209  
892.001  498.729  
154.668  730.103  
151.681  179.089  
137.283  339.93  
887.476  620.635  
637.428  892.187  
413.444  130.894  
219.801  148.157  
606.509  897.396  
128.648  760.317  
118.072  271.347  
415.924  877.224  
129.116  808.241  
