544.579  506.357  
488.005  540.687  
492.881  480.91  
525.784  562.769  
453.924  512.905  
530.571  447.703  
567.064  567.348  
574.378  452.056  
441.049  464.213  
437.751  576.105  
591.998  531.081  
596.213  489.834  
486.359  605.591  
483.806  420.266  
414.973  544.592  
440.336  420.513  
598.18  612.461  
541.142  619.112  
412.966  505.393  
616.649  574.802  
566.307  402.766  
614.99  447.424  
611.711  405.966  
434.864  619.617  
400.633  433.336  
518.661  385.049  
391.311  483.261  
636.221  506.342  
634.081  538.653  
388.853  621.32  
640.214  473.587  
432.736  381.457  
378.656  392.603  
376.849  564.854  
374.088  463.501  
610.311  657.809  
649.553  431.364  
659.745  641.042  
359.794  593.699  
650.744  386.923  
663.31  604.449  
366.014  536.119  
498.873  668.089  
362.679  509.034  
473.744  352.98  
557.623  668.432  
439.608  660.519  
663.732  568.06  
602.689  355.371  
401.426  350.18  
558.435  351.868  
351.658  441.077  
384.934  678.038  
669.288  523.879  
671.75  487.528  
646.369  350.386  
676.657  454.295  
336.907  638.416  
680.981  412.969  
332.839  363.88  
337.486  407.469  
679.533  676.659  
333.276  481.376  
691.204  346.1  
331.199  690.596  
368.09  319.468  
521.11  323.553  
640.44  706.787  
695.174  379.824  
698.33  543.214  
325.913  566.5  
432.864  311.241  
443.201  707.407  
698.744  502.258  
589.912  713.357  
315.572  522.244  
706.857  429.732  
538.155  718.533  
716.278  579.987  
718.255  624.893  
312.413  320.927  
708.769  464.927  
643.125  314.283  
301.154  609.898  
572.005  304.236  
692.5  316  
699.654  717.966  
304.694  424.653  
488.261  728.602  
295.195  465.139  
481.364  293.327  
612.63  289.172  
732.818  670.032  
728.486  398.37  
383.834  734.44  
733.311  355.622  
315.566  737.639  
284.956  384.733  
727.921  500.208  
277.191  671.097  
741.954  536.689  
740.349  314.619  
278.333  558.088  
329.195  277.025  
737.256  433.251  
275.159  505.643  
694.142  289.655  
382.098  274.097  
742.7  466.805  
753.365  718.444  
670.703  762.485  
525.92  268.711  
657.932  268  
626.144  759.649  
272.28  274.755  
720.393  759.536  
272.339  324.24  
736.237  268.54  
443.554  764.041  
430.476  261.875  
268.242  759.64  
252.616  363.183  
761.261  382.416  
764.417  584.712  
586.581  765.053  
263.323  427.86  
525.507  765.105  
244.959  706.894  
255.495  618.812  
702.57  259.642  
557.015  779.591  
764.287  497.654  
569.474  254.097  
769.658  413.393  
776.448  628.106  
768.39  444.873  
774.416  275.766  
756.376  779.863  
402.477  781.878  
342.817  783.308  
483.709  775.266  
243.875  474.879  
474.925  243.142  
777.727  351.083  
616.78  246.41  
789.143  676.947  
788.059  547.915  
357.292  237.12  
784.963  311.852  
308.592  233.208  
229.426  571.348  
231.685  519.686  
788.033  472.21  
794.119  733.086  
234.233  314.583  
255.006  232.475  
787.194  240.102  
222.648  400.449  
405.204  223.424  
689.941  228.953  
742.905  229.149  
226.315  440.318  
801.766  512.042  
792.614  784.382  
226.669  794.116  
649.311  222.767  
300.123  811.896  
515.506  217.948  
801.565  387.956  
212.931  260.996  
505.188  806.372  
802.643  434.86  
715.095  811.595  
611.059  810.86  
661.956  816.573  
206.268  748.937  
204.121  628.604  
587.828  211.339  
553.364  202.696  
265.12  819.947  
202.842  690.441  
824.875  591.122  
447.908  823.899  
201.981  362.302  
818.521  346.982  
821.24  261.626  
393.361  825.596  
463.99  195.534  
828.604  639.426  
825.239  302.404  
198.9  207.309  
240.744  196.967  
818.926  467.629  
554.202  829.447  
619.89  196.944  
787.593  202.657  
828.852  762.884  
833.089  708.091  
825.563  810.164  
194.745  467.88  
293.372  192.463  
708.568  194.859  
828.694  409.706  
769.828  832.783  
196.669  309.488  
354.571  198.722  
830.934  217.244  
339.262  830.513  
182.837  550.02  
419.792  183.268  
664.926  191.593  
187.033  510.848  
750.451  190.568  
845.234  550.916  
838.49  503.776  
197.952  838.416  
182.415  425.658  
234.802  846.947  
177.703  795.153  
500.657  844.374  
843.076  451.571  
160.478  583.723  
853.974  384.71  
598.015  854.919  
166.128  670.588  
165.221  237.97  
864.736  679.138  
806.32  170.221  
824.759  850.049  
701.546  858.828  
383.437  159.428  
509.142  164.357  
854.104  184.78  
364.594  860.359  
165.302  731.818  
158.9  392.798  
331.415  159.281  
159.236  336.886  
858.769  344.361  
645.684  868.977  
150.728  285.949  
594.155  159.08  
859.139  256.57  
161.55  177.831  
679.764  164.549  
304.005  861.784  
203.841  161.294  
863.972  753.276  
635.528  156.381  
731.373  159.208  
246.203  158.112  
866.716  299.435  
869.634  428.956  
756.025  876.377  
160.376  850.634  
154.211  493.512  
554.457  153.203  
