514.831  507.336  
465.648  527.134  
492.001  559.943  
539.288  564.66  
552.324  471.693  
488.696  459.225  
575.358  520.8  
449.267  476.372  
444.395  586.199  
431.411  510.549  
578.158  598.674  
540.777  428.015  
594.539  439.785  
420.142  444.042  
621.105  559.666  
487.411  606.766  
450.117  408.184  
407.583  550.643  
616.924  475.785  
495.351  412.289  
539.077  624.659  
402.398  609.889  
589.143  403.393  
622.27  613.157  
395.941  501.28  
642.995  515.925  
402.601  388.21  
646.808  427.985  
554.37  379.563  
634.722  378.428  
457.857  651.1  
370.645  472.003  
515.882  374.404  
376.704  433.51  
503.303  653.648  
414.292  657.314  
364.011  583.791  
591.768  667.575  
638.851  664.569  
458.636  358.389  
371.785  676.543  
355.505  528.156  
593.804  361.763  
342.896  637.736  
350.462  401.309  
667.721  607.564  
674.421  472.95  
354.481  364.881  
548.177  680.397  
684.785  557.773  
685.307  397.062  
671.559  342.689  
680.582  659.98  
402.478  337.154  
509.979  334.184  
564.058  331.278  
324.922  491.381  
619.268  325.064  
487.419  700.638  
330.153  437.912  
319.886  568.667  
431.26  707.484  
354.946  322.692  
713.725  521.265  
706.351  616.984  
706.27  693.495  
668.135  709.711  
345.854  719.292  
619.948  714.312  
313.377  357.848  
443.499  305.516  
296.979  685.436  
703.528  308.982  
713.454  467.232  
525.876  723.778  
293.581  621.428  
489.335  300.179  
310.943  308.014  
731.703  353.554  
293.565  398.062  
728.608  405.069  
285.716  531.12  
727.82  650.391  
546.353  295.419  
573.595  738.266  
648.451  289.097  
291.28  444.237  
736.483  599.76  
392.617  749.947  
593.393  282.289  
396.951  282.789  
705.355  734.749  
748.083  441.969  
746.301  553.192  
272.267  478.066  
279.51  339.34  
464.073  753.868  
347.914  280.273  
740.213  688.76  
312.929  759.877  
744.273  734.367  
748.953  294.626  
750.434  496.725  
658.154  749.204  
278.285  277.795  
256.503  578.554  
511.698  264.4  
251.473  721.997  
612.54  758.819  
678.454  257.541  
721.956  261.344  
463.999  258.252  
531.269  764.102  
251.012  312.971  
768.427  585.453  
245.306  370.837  
254.608  765.846  
765.91  651.585  
243.224  662.974  
327.955  248.961  
777.051  334.461  
552.3  253.889  
623.451  248.489  
776.218  463.629  
243.23  420.707  
425.332  241.263  
783.391  373.892  
707.471  768.877  
777.236  519.626  
774.757  698.458  
784.175  754.257  
785.338  413.82  
232.741  505.749  
777.794  246.126  
789.537  622.356  
755.027  791.31  
379.949  235.48  
667.826  784.143  
278.378  240.127  
583.601  236.207  
788.782  290.343  
433.825  803.681  
632.958  798.013  
581.937  796.671  
232.28  237.244  
211.336  619.688  
521.996  800.366  
794.911  546.309  
796.977  486.53  
384.358  799.791  
219.243  281.376  
478.297  809.543  
490.872  221.997  
529.251  226.244  
734.518  223.991  
275.999  807.449  
333.227  820.536  
642.36  217.303  
804.485  671.145  
810.765  728.23  
804.499  577.872  
807.305  803.674  
711.858  805.469  
216.979  789.097  
203.835  438.279  
207.712  331.238  
673.807  218.534  
813.736  444.549  
198.098  562.702  
319.228  213.865  
700.352  204.688  
817.66  322.285  
195.836  693.342  
817.095  512.05  
361.43  201.688  
606.036  205.445  
821.999  219.704  
464.941  197.299  
566.665  203.253  
826.091  267.284  
429.58  204.031  
191.743  747.677  
670.529  822.63  
777.257  200.326  
282.123  201.941  
829.592  388.486  
826.859  604.508  
198.253  202.822  
608.057  833.842  
180.891  371.567  
552.404  843.76  
251.114  183.657  
834.926  635.011  
227.941  835.923  
180.292  488.354  
833.014  477.677  
847.939  350.225  
833.51  540.329  
841.257  708.618  
186.464  825.616  
529.105  193.615  
396.122  176.812  
854.94  770.853  
755.109  842.117  
181.205  241.766  
742.988  185.73  
847.342  422.362  
839.791  669.966  
661.652  180.094  
707.204  846.848  
328.716  179.156  
846.523  574.658  
504.342  855.218  
174.408  293.765  
495.352  178.04  
627.261  173.824  
389.547  852.986  
860.032  831.898  
652.883  856.651  
821.428  172.869  
821.49  860.966  
278.465  851.518  
447.269  859.887  
716.267  171.492  
860.774  303.393  
223.145  159.412  
163.757  795.475  
155.331  633.791  
593.33  165.994  
154.05  540.109  
863.819  195.504  
859.379  506.932  
783.576  873.972  
155.851  421.736  
443.524  166.795  
559.808  165.231  
298.713  160.127  
182.849  164.056  
865.094  458.859  
868.703  250.341  
692.664  161.119  
783.871  159.714  
351.266  156.206  
867.59  607.643  
192.599  871.717  
597.138  874.373  
868.029  542.603  
876.485  728.064  
526.47  152.687  
145.128  853.544  
145.595  688.268  
146.532  188.203  
862.86  150.843  
871.61  657.07  
307.71  888.453  
359.086  891.721  
130.314  335.318  
