516.078  534.897  
524.703  487.291  
489.353  493.619  
554.53  514.944  
481.733  561.414  
460.935  526.126  
557.716  467.226  
575.379  545.962  
557.021  575.552  
494.612  449.15  
445.801  454.444  
442.156  492.63  
517.666  580.496  
435.442  565.26  
596.865  490.769  
547.342  424.037  
461.961  602.088  
605.706  452.828  
603.952  524.192  
601.485  584.216  
465.321  414.59  
408.057  532.353  
414.457  430.033  
592.412  406.013  
428.54  620.01  
536.451  618.641  
494.268  626.301  
511.801  399.536  
578.415  626.127  
395.936  475.914  
391.258  591.207  
635.583  554.764  
437.782  397.129  
622.25  629.154  
638.416  422.652  
402.681  391.161  
648.828  503.291  
628.235  378.022  
405.541  650.75  
568.803  367.571  
487.052  370.878  
367.477  430.548  
663.068  457.241  
664.625  605.31  
460.518  661.265  
368.234  533.317  
447.661  364.22  
351.119  618.451  
364.022  379.852  
539.565  663.671  
360.884  665.569  
659.421  669.776  
674.348  397.463  
504.093  679.83  
348.191  480.154  
540.744  336.787  
582.19  679.837  
417.692  344.583  
656.934  344.761  
379.009  339.257  
691.537  541.992  
334.099  559.924  
617.232  336.622  
425.471  688.863  
625.872  706.277  
491.751  335.014  
326.465  348.223  
318.508  396.422  
699.929  360.547  
702.149  479.611  
710.496  641.703  
316.715  440.572  
313.609  501.779  
700.761  685.774  
339.196  706.067  
697.018  318.915  
445.732  315.64  
476.291  712.156  
588.778  303.926  
719.546  411.819  
398.181  719.174  
717.432  590.942  
299.554  596.457  
538.046  722.296  
297.084  652.622  
350.918  298.858  
316.718  310.089  
664.648  301.281  
516.051  300.966  
705.903  720.317  
399.56  295.842  
286.696  541.994  
476.454  291.156  
449.731  736.998  
737.048  459.612  
588.672  747.794  
315.467  743.15  
737.374  352.984  
270.818  697.843  
643.438  272.279  
747.382  303.106  
273.524  476.567  
278.45  321.293  
757.372  499.545  
754.868  549.073  
268.731  372.443  
709.587  267.584  
679.685  764.799  
369.371  755.328  
302.715  278.004  
754.629  669.269  
641.822  765.469  
515.595  759.42  
564.906  256.991  
759.538  614.487  
743.134  750.186  
440.369  275.636  
263.511  433.376  
268.756  744.484  
521.885  266.373  
373.636  262.228  
771.065  706.321  
269.667  263.202  
778.074  385.476  
774.938  440.343  
436.334  769.897  
244.992  512.552  
476.974  777.81  
245.557  632.081  
323.814  252.325  
774.3  263.201  
405.668  780.678  
477.603  252.608  
610.082  237.641  
245.48  587.874  
778.703  335.954  
239.792  295.866  
430.603  247.079  
233.986  551.528  
556.889  793.352  
711.683  799.471  
301.614  785.903  
258.637  781.055  
338.299  793.251  
790.889  744.889  
764.107  799.09  
216.329  405.439  
668.482  216.89  
606.806  800.049  
215.998  674.072  
217.497  340.296  
237.099  232.267  
724.587  218.406  
800.219  625.472  
415.234  215.813  
511.08  224.102  
350.921  216.594  
384.537  216.967  
807.425  561.544  
220.208  767.082  
212.092  719.242  
804.594  674.464  
276.232  225.276  
805.361  492.946  
373.317  804.906  
212.22  473.864  
505.471  805.421  
314.478  212.678  
817.404  414.021  
781.2  213.265  
457.709  206.794  
819.286  324.908  
445.238  813.669  
825.554  788.233  
223.733  815.753  
198.913  266.307  
268.838  817.051  
549.302  199.397  
204.695  600.983  
824.725  265.268  
808.475  829.562  
650.708  828.915  
831.843  711.243  
400.425  822.96  
208.626  202.178  
832.68  215.193  
840.672  753.659  
522.667  832.102  
303.342  833.293  
186.57  527.623  
609.172  190.206  
845.074  598.233  
846.935  464.407  
181.173  644.277  
593.106  837.946  
478.886  842.963  
849.122  524.026  
274.14  191.847  
342.943  836.337  
844.42  646.589  
856.428  364.495  
488.818  175.742  
700.438  850.254  
554.674  846.202  
177.911  812.725  
174.526  755.485  
170.652  445.915  
751.801  172.181  
170.534  362.167  
807.076  173.822  
170.847  588.107  
162.945  315.134  
760.651  852.989  
415.981  852.447  
251.467  857.802  
417.159  162.155  
362.449  164.487  
382.964  859.451  
848.007  171.481  
309.182  162.419  
659.147  156.644  
707.641  156.442  
860.985  833.487  
871.976  685.936  
195.159  868.163  
157.778  211.068  
260.233  155.223  
446.205  865.303  
863.971  415.998  
154.915  695.219  
148.811  418.222  
155.391  483.816  
188.801  153.671  
223.111  153.347  
560.711  155.168  
873.19  277.888  
151.015  555.011  
142.869  384.95  
878.387  570.962  
349.994  870.003  
876.701  237.158  
885.833  323.05  
511.094  871.89  
823.649  878.844  
599.695  874.407  
149.219  266.933  
309.761  876.686  
151.331  154.224  
518.291  134.847  
876.01  199.405  
147.005  874.126  
648.026  877.208  
603.263  145.111  
895.263  797.652  
893.951  738.26  
887.914  484.471  
883.012  875.692  
