506.555  505.703  
541.065  517.704  
512.919  476.434  
533.997  471.863  
468.912  511.135  
521.862  567.859  
481.636  570.251  
560.691  544.608  
484.708  462.153  
574.979  477.099  
574.751  501.808  
430.659  464.087  
564.151  439.348  
575.21  517.214  
556.582  592.964  
605.256  558.164  
408.502  537.166  
518.009  431.536  
451.563  597.003  
589.726  603.262  
436.054  426.28  
607.195  524.231  
505.16  411.137  
600.772  439.248  
424.37  614.092  
491.407  393.505  
623.12  493.956  
622.741  458.409  
393.468  606.069  
585.23  407.155  
479.24  628.454  
541.958  385.609  
625.755  424.845  
612.255  621.344  
381.588  577.149  
506.78  634.18  
617.753  396.497  
547.324  627.934  
365.48  486.174  
451.553  376.627  
462.005  634.13  
391.909  375.119  
442.83  634.87  
658.549  585.982  
393.178  654.312  
646.712  617.824  
650.434  395.985  
579.019  651.577  
592.733  372.903  
651.568  456.707  
660.002  553.065  
353.25  407.921  
666.873  511.273  
661.825  656.313  
532.23  663.072  
653.658  429.149  
614.286  675.275  
634.436  357.147  
449.8  661.958  
569.77  673.111  
668.076  416.533  
346.956  630.924  
483.768  690.204  
584.482  340.71  
665.447  338.787  
347.353  581.103  
506.218  324.989  
428.537  687.796  
678.936  459.264  
361.582  706.061  
319.58  427.237  
347.275  346.636  
550.349  330.873  
697.324  529.483  
312.181  674.991  
312.481  551.225  
690.362  622.824  
693.562  431.092  
703.75  482.484  
548.12  701.168  
716.93  409.852  
670.247  697.005  
689.842  558.994  
314.172  377.226  
420.497  301.084  
374.341  315.612  
455.867  292.819  
729.859  364.169  
311.851  497.208  
622.95  295.54  
298.562  585.26  
319.596  322.31  
320.303  341.432  
703.642  281.754  
721.076  563.082  
301.534  624.653  
426.115  734.07  
731.555  664.076  
707.65  631.488  
618.885  734.602  
713.024  721.699  
302.164  361.922  
727.136  603.056  
334.774  295.577  
300.272  332.41  
298.9  307.025  
579.671  285.817  
668.44  732.686  
282.342  730.99  
729.172  490.627  
290.794  339.3  
491.03  757.052  
753.94  523.934  
499.365  276.14  
553.864  744.108  
257.612  426.821  
684.402  740.552  
303.882  281.803  
542.236  275.773  
767.753  316.89  
773.877  462.922  
749.347  633.343  
750.465  745.295  
344.132  769.88  
286.467  501.348  
369.356  269.847  
269.561  365.672  
253.956  685.107  
281.073  262.989  
767.924  270.07  
571.269  257.262  
271.526  505.406  
245.079  315.026  
774.242  560.909  
756.905  605.399  
481.512  252.767  
792.855  682.653  
588.473  775.44  
680.424  779.256  
250.298  557.275  
247.059  616.188  
331.593  254.204  
643.705  244.277  
387.532  787.823  
799.338  731.582  
236.924  279.783  
534.382  253.555  
291.885  792.372  
803.097  333.966  
785.666  379.606  
248.97  500.926  
441.33  248.34  
605.766  233.181  
782.158  621.862  
226.168  759.218  
683.414  211.448  
240.542  242.436  
382.425  229.787  
422.109  815.987  
783.228  791.262  
220.924  357.263  
505.581  800.249  
218.22  487.512  
425.68  229.363  
516.024  225.535  
734.713  801.831  
561.714  232.104  
815.844  257.303  
204.782  664.9  
326.829  235.087  
411.066  211.273  
197.053  465.887  
239.43  817.901  
219.066  799.224  
273.192  218.159  
749.459  194.85  
632.446  849.331  
217.797  540.462  
197.795  436.671  
482.544  216.591  
816.179  589.381  
196.183  578.212  
580.086  816.692  
448.146  209.162  
203.996  611.968  
550.884  207.226  
826.227  393.69  
825.599  516.314  
330.756  219.961  
815.423  556.556  
840.961  663.981  
194.076  712.303  
208.872  225.143  
199.513  520.618  
311.206  202.181  
525.729  834.869  
797.128  827.418  
833.408  462.144  
838.23  612.88  
804.196  186.3  
638.401  196.412  
840.135  767.998  
180.215  396.615  
349.027  194.062  
847.043  546.102  
831.682  194.96  
840.743  813.195  
184.765  293.067  
598.76  182.466  
724.442  834.154  
255.742  180.135  
503.572  194.945  
293.242  843.548  
188.271  822.78  
391.213  185.152  
173.31  784.036  
218.043  183.01  
365.116  851.124  
279.776  192.798  
467.414  873.563  
834.11  851.908  
177.166  741.206  
855.2  336.095  
466.974  172.319  
174.99  349.793  
245.537  866.909  
167.585  549.814  
181.481  199.867  
199.116  165.211  
536.025  178.134  
167.331  238.281  
426.087  151.894  
497.185  178.426  
557.437  159.155  
310.105  163.954  
855.222  504.479  
156.717  499.693  
353.669  166.246  
864.003  245.828  
798.98  870.297  
138.847  635.439  
866.321  472.101  
886.303  726.88  
141.619  843.794  
883.753  422.863  
769.483  876.685  
865.507  169.899  
888.34  305.731  
159.738  176.439  
308.694  887.703  
148.188  759.345  
709.359  142.869  
882.265  579.198  
649.904  155.154  
525.177  151.707  
791.554  151.877  
725.606  870.376  
