518.926  508.322  
490.642  525.938  
478.945  495.661  
536.184  545.478  
528.609  472.92  
552.213  508.256  
511.075  562.134  
482.627  568.137  
458.342  549.192  
496.115  447.207  
449.144  480.056  
563.238  574.886  
550.263  436.608  
581.277  457.038  
583.929  507.954  
427.942  526.453  
600.436  557.522  
455.836  418.401  
462.298  602.313  
418.343  457.395  
421.664  563.552  
510.769  605.356  
421.688  602.592  
594.78  424.014  
617.281  491.982  
407.09  417.898  
605.831  625.452  
553.004  628.41  
396.626  496.202  
498.154  402.425  
534.504  393.655  
622.541  441.054  
635.323  586.216  
579.365  393.38  
616.965  401.731  
647.336  535.981  
393.188  622.203  
379.003  576.966  
437.316  653.242  
645.81  463.874  
426.531  374.521  
484.138  654.512  
366.506  535.779  
369.066  442.846  
379.051  375.378  
636.138  378.558  
476.595  362.237  
630.525  667.835  
664.81  616.216  
560.938  359.809  
669.239  496.3  
380.263  664.862  
668.95  402.437  
521.971  679.526  
671.035  438.691  
352.098  625.648  
602.867  347.378  
568.918  683.227  
521.351  342.704  
339.403  495.282  
684.766  646.765  
679.562  361.409  
685.892  564.808  
641.114  338.345  
338.038  381.586  
447.54  327.894  
331.921  574.213  
684.962  691.779  
404.7  325.89  
340.343  697.557  
346.682  327.251  
402.152  700.86  
321.008  438.302  
310.369  669.348  
711.886  470.841  
472.895  707.784  
680.914  325.035  
716.281  519.01  
577.272  315.745  
605.143  714.771  
713.03  602.031  
711.93  386.883  
493.336  308.3  
656.613  720.048  
716.976  428.164  
430.312  728.108  
312.678  624.384  
715.431  668.399  
293.758  538.87  
373.269  295.534  
290.011  342.135  
542.151  292.937  
721.701  308.429  
304.771  297.598  
732.693  346.644  
641.076  298.428  
371.263  738.598  
286.472  387.72  
527.354  734.696  
713.105  735.09  
293.029  725.185  
280.087  466.703  
613.592  282.577  
285.763  589.314  
739.987  562.958  
738.41  643.903  
740.422  704.248  
276.089  503.534  
679.375  284.793  
568.399  750.132  
443.569  282.232  
331.048  753.499  
758.263  615.11  
266.628  645.247  
485.615  756.755  
400.687  262.458  
756.323  387.403  
755.467  675.9  
258.524  430.307  
482.578  267.028  
591.785  262.607  
706.471  265.927  
762.226  481.052  
253.681  695.659  
342.676  252.647  
611.976  762.801  
763.69  295.726  
764.883  434.185  
758.075  754.373  
516.541  253.387  
283.616  251.732  
660.113  763.461  
771.832  526.9  
436.039  765.273  
745.867  249.846  
559.05  252.124  
297.454  775.722  
245.143  765.172  
242.65  311.285  
398.581  785.04  
779.634  715.942  
648.246  241.23  
780.885  577.178  
778.521  349.771  
245.897  591.175  
721.677  783.478  
228.665  556.638  
786.145  660.527  
353.369  787.972  
785.078  253.801  
686.924  792.789  
509.916  794.736  
435.754  235.122  
557.295  795.503  
220.129  347.793  
223.472  267.142  
221.532  379.939  
455.926  794.193  
779.893  785.696  
228.012  499.244  
220.191  631.73  
800.306  318.872  
476.06  224.538  
216.527  409.724  
234.203  220.137  
704.511  226.9  
805.432  399.725  
542.538  219.097  
583.332  222.472  
813.485  622.45  
614.152  804.369  
205.875  720.566  
806.393  472.844  
814.311  509.304  
398.864  206.432  
815.7  756.997  
280.03  812.99  
605.148  204.67  
208.309  443.578  
815.617  283.055  
355.709  204.126  
816.201  544.012  
656.813  815.859  
817.062  438.654  
226.603  820.291  
786.204  209.081  
816.488  229.78  
327.625  818.451  
824.923  708.645  
510.557  198.183  
303.142  185.554  
822.077  356.248  
822.465  584.843  
751.516  200.475  
184.138  679.023  
780.646  820.261  
738.597  831.955  
366.192  825.301  
831.636  664.286  
674.4  186.03  
828.517  825.22  
636.572  187.543  
460.729  825.989  
182.838  767.437  
443.665  191.777  
692.248  825.688  
574.821  840.581  
405.2  835.813  
182.469  547.596  
181.58  485.253  
850.715  790.601  
512.17  843.117  
176.963  331.516  
712.542  183.346  
843.165  254.354  
835.052  184.181  
243.019  176.685  
174.824  279.318  
166.934  612.56  
174.351  218.226  
557.775  176.146  
847.751  312.188  
620.298  844.553  
312.92  847.402  
706.905  851.007  
176.859  843.207  
848.256  486.083  
264.58  853.303  
484.19  163.566  
850.356  562.043  
857.456  218.296  
864.269  391.764  
857.802  423.5  
793.333  167.876  
167.714  162.817  
450.385  858.53  
153.981  390.557  
862.491  354.487  
866.062  520.503  
668.484  863.548  
874.768  457.89  
870.234  748.359  
160.647  437.095  
872.088  597.736  
817.308  870.49  
779.63  868.845  
747.21  162.973  
875.384  271.894  
863.368  860.254  
544.14  875.129  
358.278  154.102  
600.917  152.072  
877.421  633.589  
366.321  868.223  
209.317  134.981  
435.347  149.694  
873.174  674.321  
