500.844  510.985  
546.611  488.413  
559.279  544.126  
500.475  552.029  
478.555  471.782  
456.894  537.588  
532.069  575.014  
533.444  443.82  
581.194  449.884  
589.815  516.735  
424.483  487.565  
491.078  596.978  
445.587  600.881  
446.419  417.433  
494.528  421.854  
552.342  606.03  
607.087  595.203  
417.006  552.459  
615.362  484.656  
622.217  549.149  
398.722  437.927  
622.459  425.52  
537.496  393.67  
582.426  395.879  
404.899  615.844  
584.581  633.287  
381.381  518.741  
390.661  382.28  
500.812  636.735  
373.635  567.667  
648.343  460.548  
615.657  371.655  
653.059  509.502  
653.882  633.769  
481.499  365.989  
465.797  663.643  
425.252  661.694  
655.391  596.574  
358.628  470.575  
363.387  607.898  
621.015  673.337  
377.37  658.2  
666.175  384.237  
562.498  669.526  
667.442  562.777  
516.086  676.545  
672.261  424.212  
416.545  342.326  
341.145  420.501  
550.027  345.546  
643.549  342.319  
674.168  670.034  
687.721  537.81  
682.604  469.06  
339.072  512.425  
320.387  364.599  
327.351  637.969  
330.032  554.06  
333.467  686.78  
338.964  317.042  
700.187  358.782  
594.278  319.213  
696.31  507.215  
392.013  701.361  
672.825  318.231  
514.194  308.873  
313.376  594.664  
462.908  311.069  
705.911  588.694  
716.838  627.035  
590.569  717.147  
461.004  706.764  
707.827  686.728  
713.424  325.009  
719.278  398.179  
531.075  715.261  
719.668  441.197  
306.125  486.74  
389.661  298.524  
661.682  730.736  
715.681  479.452  
422.189  730.699  
358.218  727.503  
290.423  454.835  
730.334  563.337  
298.673  531.412  
637.506  298.488  
286.875  408.649  
291.292  727.272  
733.869  522.723  
734.329  724.491  
486.807  744.138  
280.74  665.96  
561.967  283.199  
695.818  291.546  
288.6  279.415  
724.034  289.155  
434.308  272.946  
745.051  350.8  
333.167  751.049  
270.712  567.518  
746.286  485.542  
763.619  650.477  
259.119  617.427  
257.114  346.232  
754.513  305.467  
757.18  691.934  
622.893  764.748  
617.279  269.857  
674.525  270.862  
534.624  758.248  
265.326  512.238  
399.613  765.441  
485.741  256.346  
728.76  761.562  
579.399  765.747  
765.729  404.17  
763.228  439.127  
445.527  770.4  
375.664  254.854  
774.937  609.291  
323.934  243.066  
766.081  265.03  
532.031  249.479  
767.11  554.993  
243.914  702.512  
587.812  248.306  
728.99  256.845  
249.456  763.697  
650.229  247.448  
783.869  370.326  
777.077  468.825  
250.386  462.759  
232.23  295.545  
367.14  786.345  
778.431  506.051  
288.93  785.358  
236.681  403.285  
703.894  237.969  
787.02  331.967  
327.211  786.831  
696.625  802.891  
239.255  235.355  
802.996  746.377  
231.593  531.089  
649.851  802.65  
480.818  794.33  
427.182  237.066  
753.327  807.05  
519.042  803.474  
681.209  223.608  
803.726  533.667  
812.83  792.461  
803.3  294.413  
617.493  223.386  
803.392  689.864  
562.975  803.142  
220.086  567.05  
214.548  496.332  
805.548  255.405  
811.861  583.866  
208.472  648.721  
784.292  214.75  
458.086  212.136  
420.235  807.719  
735.58  214.202  
575.447  212.747  
210.754  448.909  
810.834  444.243  
207.941  796.593  
199.577  742.504  
276.88  194.552  
366.039  209.37  
601.061  821.217  
201.412  604.047  
817.659  403.43  
814.51  481.871  
252.584  815.4  
501.169  205.959  
411.403  206.404  
192.637  369.837  
538.867  203.982  
648.72  206.857  
391.336  825.147  
834.458  641.285  
453.086  824.42  
194.35  692.647  
312.597  826.657  
829.149  216.379  
827.938  327.084  
355.558  836.904  
840.011  370.638  
177.227  318.822  
189.034  244.23  
197.625  187.551  
325.857  181.311  
798.67  839.697  
839.502  501.51  
676.908  185.31  
846.395  553.193  
552.786  842.319  
179.341  544.952  
170.404  430.745  
616.461  184.59  
763.219  176.668  
845.48  283.084  
482.36  853.103  
847.704  830.254  
193.127  848.174  
852.962  702.26  
678.105  851.73  
635.186  851.132  
394.572  175.693  
478.936  174.182  
716.832  165.502  
852.293  434.315  
516.901  853.443  
167.623  487.12  
257.076  849.164  
436.248  168.49  
816.283  164.226  
857.531  244.896  
571.343  169.161  
746.78  857.494  
434.31  859.782  
223.07  151.321  
868.924  601.675  
866.978  186.319  
867.621  761.787  
160.632  791.381  
531.542  160.169  
709.721  877.381  
154.545  260.496  
156.514  596.394  
362.313  151.828  
573.314  874.875  
286.448  877.589  
869.429  330.562  
323.338  869.505  
390.18  867.919  
150.542  643.808  
608.194  872.46  
636.792  150.266  
884.057  803.599  
142.463  208.945  
885.458  462.161  
147.024  694.192  
874.694  507.819  
825.389  880.99  
139.99  739.727  
151.788  153.409  
873.344  867.757  
598.104  144.791  
135.566  392.125  
140.887  523.629  
273.317  140.634  
236.022  888.038  
