516.97  541.255  
526.243  483.318  
541.221  510.479  
469.661  485.223  
558.352  529.019  
495.94  573.817  
459.835  555.604  
565.877  479.158  
554.906  570.368  
493.547  434.248  
552.541  432.905  
580.34  593.788  
522.451  601.264  
605.028  510.295  
605.755  558.024  
619.99  445.777  
417.675  422.157  
440.715  622.812  
413.466  478.667  
400.561  533.755  
394.388  503.649  
388.349  557.483  
576.762  391.591  
625.567  577.447  
625.641  621.386  
386.393  599.758  
561.655  624.654  
514.09  391.354  
549.759  391.816  
587.812  641.7  
619.539  374.956  
517.809  640.816  
482.398  376.418  
373.01  394.894  
448.276  365.616  
379.298  640.465  
673.933  517.852  
665.984  563.182  
652.992  614.964  
411.113  356.452  
358.183  578.781  
484.018  694.198  
671.616  431.081  
623.212  675.754  
670.782  476.109  
362.806  508.155  
704.342  390.555  
542.096  335.78  
670.651  629.33  
383.43  676.548  
551.475  695.131  
687.579  341.342  
357.861  332.221  
500.005  322.757  
350.02  487.456  
312.856  458.437  
687.248  708.41  
342.12  664.589  
710.978  665.787  
321.57  621.975  
330.809  571.31  
460.434  322.197  
412.994  712.619  
646.982  310.37  
610.653  334.705  
315.741  398.157  
571.262  304.232  
327.429  511.756  
700.12  614.084  
330.498  701.232  
696.885  483.326  
319.049  326.611  
394.802  313.586  
706.895  429.044  
609.668  717.348  
314.904  671.128  
279.614  562.285  
717.136  485.231  
422.369  291.383  
734.194  587.666  
350.134  734.641  
720.726  324.841  
278.283  645.183  
620.587  279.356  
746.468  557.151  
686.904  283.202  
737.011  443.303  
724.3  304.049  
266.675  717.84  
780.107  533.412  
271.471  501.196  
275.7  299.261  
753.341  367.394  
451.656  761.158  
278.082  355.521  
747.871  643.889  
577.465  750.624  
748.435  296.758  
421.979  750.657  
751.043  489.872  
759.222  692.888  
461.652  262.88  
532.973  767.042  
514.373  241.195  
507.401  760.441  
759.15  331.849  
305.057  776.801  
694.142  764.033  
485.075  760.763  
276.773  395.942  
345.29  255.334  
384.082  251.374  
320.902  243.757  
244.488  413.35  
566.02  251.246  
775.188  763.512  
618.27  787.872  
788.357  728.578  
380.127  769.446  
772.847  443.907  
402.053  771.237  
709.151  249.806  
265.577  770.436  
779.93  248.894  
246.112  473.99  
290.968  223.883  
778.066  632.313  
338.289  778.805  
363.155  782.169  
248.383  370.755  
234.769  273.791  
782.383  584.034  
591.954  232.069  
811.416  399.543  
445.828  227.496  
218.91  651.01  
632.497  233.942  
226.487  321.993  
779.979  339.037  
802.019  300.52  
572.815  805.752  
481.015  790.654  
251.346  796.367  
810.83  705.081  
201.993  544.438  
242.385  221.864  
541.064  809.352  
212.979  354.875  
816.937  361.638  
794.622  335.296  
805.303  611.681  
703.55  806.978  
399.711  794.497  
809.363  664.622  
208.148  751.913  
824.203  781.933  
736.027  212.347  
462.568  818.559  
816.471  322.022  
811.244  448.394  
693.355  213.919  
807.429  630.459  
212.72  791.421  
210.672  472.737  
190.754  250.569  
814.968  331.04  
771.722  825.359  
410.897  823.99  
513.521  825.938  
358.618  196.821  
830.271  588.629  
815.519  813.582  
365.64  821.417  
435.767  185.218  
493.341  828.797  
194.619  218.628  
841.976  466.363  
827.49  640.501  
182.052  724.977  
223.23  816.622  
194.586  416.486  
637.031  200.851  
851.497  533.719  
539.079  173.521  
262.963  840.285  
176.921  369.287  
798.235  193.765  
834.998  242.486  
334.705  837.59  
846.527  689.47  
817.521  752.773  
192.201  319.43  
762.925  188.082  
210.716  186.434  
594.912  181.151  
297.619  843.946  
847.081  729.175  
249.678  172.495  
667.912  858.781  
649.802  176.221  
633.589  870.544  
181.783  821.888  
844.792  301.932  
170.83  780.291  
231.398  845.914  
844.58  754.705  
704.571  837.464  
140.82  598.148  
569.315  842.777  
872.094  501.779  
603.977  871.079  
161.511  455.967  
829.828  155.772  
152.067  277.034  
275.092  860.704  
706.322  171.367  
857.853  336.11  
450.97  868.352  
201.473  856.678  
746.706  163.899  
853.326  832.257  
171.008  659.507  
731.803  167.081  
826.425  857.82  
292.361  160.172  
865.776  654.212  
153.506  199.897  
758.817  869.868  
679.092  154.022  
520.739  869.928  
137.247  706.26  
545.32  870.143  
150.87  326.791  
376.5  152.891  
876.197  368.434  
787.086  857.63  
155.945  866.205  
138.05  558.172  
875.022  408.403  
880.322  608.876  
903.565  805.647  
863.325  250.559  
709.476  869.363  
902.259  770.501  
127.587  404.948  
324.781  135.949  
399.733  895.665  
331.934  869.54  
369.559  898.878  
150.512  838.722  
777.384  154.362  
860.399  873.877  
575.249  877.615  
149.817  511.162  
134.474  166.005  
133.402  531.926  
887.326  449.154  
