524.351  510.564  
474.654  505.389  
500.724  470.804  
517.337  551.139  
559.046  473.939  
478.122  570.772  
567.719  544.719  
568.492  505.585  
538.618  448.909  
436.91  536.824  
463.743  435.272  
430.935  477.244  
568.078  582.889  
593.77  448.239  
525.131  595.28  
434.194  595.767  
510.718  426.4  
566.995  419.137  
613.799  509.917  
420.686  413.716  
619.383  565.612  
596.197  612.085  
490.873  624.046  
629.324  465.12  
388.802  573.647  
553.079  626.753  
630.203  393.824  
486.139  389.828  
537.524  386.161  
588.722  382.458  
376.945  520.362  
384.928  465.376  
416.387  634.026  
627.904  639.608  
457.3  650.238  
659.714  606.133  
443.944  363.947  
658.952  441.673  
374.523  415.274  
660.283  534.382  
362.139  631.594  
534.55  657.819  
398.255  355.944  
584.729  666.939  
349.056  377.523  
408.088  668.755  
670.544  374.552  
672.064  672.17  
692.204  487.277  
488.292  683.162  
529.356  341.2  
482.783  340.811  
573.824  338.432  
334.472  481.54  
333.953  569.785  
625.517  333.846  
695.581  420.496  
621.452  696.373  
386.654  697.014  
337.382  692.169  
329.122  427.671  
522.548  698.369  
363.489  318.82  
698.55  597.608  
688.566  337.382  
446.383  700.671  
321.066  341.513  
708.271  544.264  
555.78  709.534  
434.374  306.505  
297.404  518.192  
726.977  650.754  
304.644  636.122  
721.246  707.198  
717.786  367.884  
504.57  302.209  
650.161  296.643  
300.517  384.44  
655.805  732.309  
694.641  305.092  
733.633  451.431  
582.259  736.921  
308.457  297.607  
290.947  443.349  
571.203  296.832  
310.244  735.913  
491.668  740.494  
435.215  737.724  
388.199  276.829  
739.095  410.343  
280.713  578.155  
381.845  738.691  
743.184  325.288  
276.033  685.831  
750.818  519.354  
741.789  596.434  
697.833  755.019  
619.48  272.639  
751.67  484.28  
734.258  272.586  
275.361  334.318  
478.248  267.825  
263.168  477.078  
614.266  763.741  
524.161  263.527  
753.266  375.666  
337.091  259.991  
537.382  766.307  
763.195  559.647  
698.918  265.912  
750.839  762.187  
359.344  771.561  
264.491  276.422  
252.867  409.247  
268.095  766.044  
260.552  375.966  
587.302  256.665  
665.748  255.907  
437.297  250.297  
248.074  725.946  
774.468  288.15  
555.358  248.826  
782.786  699.082  
249.039  631.992  
422.633  776.817  
243.476  544.329  
775.463  426.374  
284.962  242.899  
238.961  309.472  
784.841  644.883  
238.744  504.483  
242.076  442.171  
474.129  789.755  
768.262  242.553  
660.215  790.499  
784.014  331.239  
797.812  597.999  
785.691  373.758  
306.975  798.109  
223.668  593.061  
582.356  802.113  
227.008  355.728  
798.391  478.018  
380.755  227.799  
227.086  242.237  
228.274  679.855  
801.277  537.249  
610.929  227.822  
651.119  226.617  
804.274  758.497  
725.044  218.718  
707.688  807.92  
484.842  222.943  
218.311  762.337  
796.67  808.646  
686.012  209.233  
214.522  804.178  
325.802  212.076  
350.052  815.162  
813.051  261.978  
809.913  437.028  
205.974  278.633  
523.297  208.067  
529.589  817.615  
804.395  219.16  
817.544  395.029  
630.849  820.217  
410.196  819.048  
264.499  820.559  
418.824  206.525  
817.223  308.052  
208.055  713.189  
205.567  646.876  
198.039  396.056  
561.241  209.753  
754.662  826.244  
203.94  450.703  
818.97  348.955  
240.351  194.845  
454.267  197.493  
202.402  551.086  
281.659  199.891  
767.558  200.49  
197.511  501.161  
190.596  330.088  
195.46  203.932  
595.534  191.883  
841.499  511.555  
839.556  713.356  
639.389  191.544  
842.347  649.132  
477.021  836.718  
847.687  569.016  
358.048  176.345  
182.855  731.863  
836.318  213.994  
837.553  831.223  
219.703  849.286  
180.01  683.64  
173.551  630.865  
847.384  423.304  
682.245  855.156  
394.875  170.551  
849.504  367.488  
490.715  175.511  
847.355  271.564  
856.134  464.318  
581.665  848.689  
171.211  574.017  
859.16  766.331  
706.814  167.778  
168.923  764.216  
310.25  863.49  
806.59  166.879  
172.864  808.917  
358.242  860.136  
756.891  168.025  
443.669  865.939  
163.395  534.2  
163.233  272.457  
807.614  862.195  
728.476  862.478  
844.372  166.974  
854.426  313.756  
865.988  809.147  
164.402  463.313  
560.075  168.254  
638.04  859.361  
151.15  600.346  
320.724  160.844  
157.984  218.463  
661.88  155.736  
399.388  868.356  
518.622  866.864  
144.371  847.572  
440.347  160.957  
149.049  423.111  
203.452  153.49  
882.715  603.317  
149.692  380.882  
277.002  153.529  
614.001  153.999  
866.378  199.726  
519.849  147.468  
157.47  150.707  
880.926  236.678  
558.322  877.309  
269.503  886.263  
143.326  502.657  
147.427  716.611  
145.861  330.654  
764.592  883.309  
163.895  888.331  
881.383  336.673  
864.159  879.817  
146.693  673.436  
886.298  404.496  
