518.356  507.492  
490.059  527.934  
479.296  494.192  
539.824  543.985  
529.644  472.118  
553.562  507.107  
513.462  564.651  
457.127  548.119  
482.254  570.162  
494.722  447.115  
448.752  478.161  
563.219  578.797  
580.713  461.492  
547.484  434.913  
426.777  523.961  
585.346  510.79  
600.23  556.662  
455.4  418.809  
462.673  604.947  
420.229  564.061  
417.549  456.283  
511.787  608.076  
423.079  604.068  
592.19  424.551  
618.334  493.575  
406.241  416.161  
604.164  625.159  
553.22  629.72  
393.972  494.912  
497.667  401.692  
624.346  441.066  
534.65  393.682  
635.09  585.384  
578.414  392.339  
618.686  401.777  
646.359  535.993  
392.862  623.548  
378.373  578.116  
647.044  465.772  
427.774  374.372  
484.672  653.464  
436.375  655.842  
366.143  535.036  
367.488  442.837  
379.245  374.997  
636.941  376.802  
476.695  362.643  
663.013  616.031  
631.009  668.169  
560.366  357.877  
670.86  497.603  
379.019  665.093  
668.984  402.665  
522.447  680.029  
672.937  439.983  
603.114  347.201  
570.223  682.104  
351.495  626.418  
521.405  343.119  
683.263  647.447  
337.036  494.174  
680.712  361.209  
685.832  563.674  
336.315  383.373  
640.835  337.569  
332.004  573.304  
345.707  329.691  
404.021  326.392  
448.335  327.942  
684.075  692.331  
402.52  699.403  
341.585  698.85  
320.266  436.982  
473.04  706.163  
309.261  669.821  
682.171  324.59  
712.72  471.484  
715.919  519.467  
605.569  714.381  
576.891  314.902  
712.483  602.747  
492.877  308.486  
712.45  387.088  
655.23  719.87  
717.946  428.185  
430.354  727.065  
311.84  623.723  
714.86  669.65  
294.756  539.976  
371.412  294.199  
540.739  294.11  
288.428  342.889  
722.421  306.861  
304.685  296.374  
732.662  346.541  
527.011  733.725  
641.942  297.914  
709.735  736.565  
373.699  739.079  
614.053  284.345  
291.468  724.567  
284.426  388.537  
736.997  641.92  
738.173  706.417  
285.848  588.31  
280.3  466.735  
738.533  562.685  
275.888  505.658  
567.706  748.262  
442.408  283.32  
677.264  283.421  
330.722  750.63  
485.106  755.578  
266.084  644.807  
398.558  260.624  
760.436  613.812  
756.244  676.341  
259.157  429.755  
481.755  267.277  
756.65  388.624  
760.229  481.626  
592.835  262.014  
706.85  265.579  
612.438  761.984  
341.579  252.06  
757.779  752.839  
251.295  695.167  
763.382  296.659  
765.096  434.515  
659.785  762.84  
516.888  252.8  
770.233  526.768  
435.558  763.653  
283.63  249.352  
745.598  249.734  
557.755  254.156  
244.525  309.006  
295.752  775.001  
243.815  763.781  
399.52  785.213  
648.431  240.424  
781.058  576.985  
777.759  350.541  
782.085  715.623  
724.795  783.719  
243.455  592.851  
229.653  554.459  
687.151  789.613  
353.594  785.951  
788.007  661.11  
784.514  254.394  
435.761  235.919  
510.795  794.81  
223.399  266.719  
557.581  796.188  
222.63  379.4  
222.311  346.18  
455.576  794.261  
781.012  786.148  
228.145  499.259  
800.769  318.602  
476.958  223.719  
217.612  633.683  
213.771  409.979  
234.402  219.688  
805.462  398.629  
702.835  226.209  
582.362  222.266  
804.183  472.516  
611.939  803.091  
542.792  217.717  
813.942  622.591  
203.85  721.849  
210.033  447.811  
813.562  509.106  
277.623  811.933  
816.174  756.903  
606.314  204.134  
815.441  282.738  
815.083  544.341  
654.409  815.636  
353.47  204.901  
817.621  438.876  
326.569  815.851  
398.188  202.786  
224.215  818.279  
816.603  228.906  
786.626  208.93  
822.33  357.391  
511.028  196.266  
750.241  202.6  
822.683  586.523  
301.967  185.554  
828.03  709.323  
740.563  831.016  
366.577  825.956  
183.741  678.877  
782.045  822.418  
828.241  824.306  
674.061  186.377  
693.271  825.169  
462.502  826.44  
832.013  663.179  
407.902  835.471  
637.411  186.684  
443.867  191.304  
182.563  769.135  
573.684  840.915  
182.263  548.608  
181.281  487.977  
177.978  332.2  
712.13  182.018  
851.843  790.462  
843.523  255.279  
174.844  280.712  
511.067  844.234  
834.376  182.716  
167.282  613.288  
176.849  217.383  
242.008  176.587  
557.875  175.717  
848.703  312.016  
619.474  845.082  
312.96  847.892  
848.18  484.449  
176.693  841.312  
263.187  852.839  
850.498  561.393  
709.166  855.78  
482.549  163.732  
858.449  424.596  
858.738  216.777  
865.126  390.968  
792.782  169.491  
169.957  162.71  
450.205  859.285  
156.033  388.615  
161.496  435.093  
864.104  520.362  
668.641  864.994  
870.301  748.569  
747.94  164.134  
865.263  352.089  
871.764  598.229  
818.993  870.679  
878.509  457.875  
876.396  634.498  
864.875  859.232  
780.968  870.332  
545.211  875.312  
355.389  153.676  
601.376  152.337  
366.609  868.464  
872.277  675.703  
432.881  150.039  
878.956  271.036  
217.948  880.755  
