516.276  486.715  
539.411  524.487  
485.046  534.09  
480.848  477.265  
556.7  482.961  
528.541  565.494  
581.551  550.978  
446.446  563.589  
440.104  498.718  
528.737  436.335  
459.485  439.429  
490.189  594.86  
587.349  464.357  
605.683  510.215  
554.901  603.308  
613.002  601.575  
611.172  440.033  
398.19  528.71  
438.177  620.646  
400.892  583.865  
553.381  398.229  
436.482  402.706  
393.646  468.172  
599.435  397.965  
494.958  387.9  
641.594  563.319  
526.079  641.664  
385.988  634.992  
380.488  407.679  
594.358  649.15  
469.17  649.209  
651.064  475.868  
650.172  518.815  
650.471  384.121  
646.922  435.491  
413.335  365.431  
672.319  627.394  
348.643  572.6  
544.683  352.167  
341.443  447.664  
661.756  684.81  
369.317  337.845  
472.423  339.678  
603.393  345.206  
336.791  513.576  
351.284  668.292  
500.66  685.347  
433.704  690.55  
681.166  430.872  
553.572  693.947  
327.874  379.827  
654.813  336.725  
615.519  701.465  
691.528  504.828  
695.015  565.987  
702.642  356.876  
389.922  715.91  
423.894  321.175  
303.334  616.628  
714.255  408.026  
326.705  322.802  
507.886  305.091  
722.196  464.264  
562.656  306.278  
728.433  668.173  
712.548  716.659  
300.347  680.409  
676.857  298.522  
291.244  476.239  
717.377  305.079  
486.368  729.267  
291.891  418.876  
737.73  609.53  
348.268  732.324  
615.715  297.092  
284.297  549.353  
585.409  736.66  
736.766  521.673  
307.077  733.643  
405.256  282.861  
743.136  330.306  
299.834  285.113  
538.184  752.388  
351.529  276.556  
460.766  271.15  
282.932  326.657  
653.488  752.723  
437.689  750.817  
754.174  383.41  
756.008  561.766  
264.184  370.287  
652.61  269.31  
525.963  260.32  
263.23  705.603  
746.831  764.229  
577.109  257.432  
724.584  267.881  
771.324  437.227  
263.31  749.057  
701.7  773.426  
774.467  484.998  
769.745  284.517  
773.341  735.986  
241.632  645.544  
774.72  655.473  
243.236  495.711  
274.85  255.323  
403.469  781.43  
600.011  780.1  
251.838  287.342  
387.017  246.868  
692.694  245.56  
616.407  251.125  
370.483  786.265  
236.149  577.934  
320.556  246.079  
495.952  782.093  
282.983  780.091  
777.157  335.025  
245.834  421.936  
315.457  786.265  
799.665  705.261  
343.09  785.122  
744.711  235.568  
236.343  329.327  
796.413  250.562  
238.562  784.969  
803.24  523.766  
435.035  219.814  
484.221  218.473  
801.013  574.971  
803.891  625.226  
453.752  802.729  
230.385  251.763  
800.514  402.052  
648.194  230.23  
229.787  716.822  
256.183  223.8  
806.309  354.963  
546.435  808.177  
756.716  804.726  
815.592  768.21  
209.352  448.826  
300.824  217.592  
657.783  812.004  
344.986  208.524  
534.544  216.13  
776.682  212.412  
816.18  299.8  
205.528  760.054  
570.22  206.13  
604.411  207.028  
198.717  517.937  
201.26  399.799  
200.654  359.947  
214.881  287.108  
808.224  819.262  
218.276  214.34  
382.061  208.601  
679.731  207.641  
197.928  698.174  
610.912  824.899  
726.005  199.919  
821.871  217.676  
706.088  828.073  
832.187  670.87  
281.793  825.798  
224.043  821.8  
833.007  435.62  
836.668  482.271  
421.108  835.2  
183.894  558.825  
381.166  837.358  
186.212  321.214  
636.971  191.587  
498.478  834.61  
332.961  837.785  
174.68  600.105  
196.33  243.771  
287.005  189.374  
175.224  639.241  
840.415  595.957  
839.503  382.053  
172.188  478.983  
840.449  260.8  
407.299  181.854  
249.691  182.601  
518.147  179.096  
849.865  330.958  
568.704  854.237  
800.302  179.832  
184.646  200.485  
851.568  539.034  
181.365  278.919  
164.735  807.327  
757.934  174.932  
701.709  173.372  
838.487  185.269  
862.181  721.269  
752.514  848.15  
217.039  172.975  
331.811  167.189  
446.745  166.631  
452.14  859.691  
161.701  851.431  
861.961  780.27  
158.904  680.237  
860.65  821.158  
798.106  856.678  
865.706  629.642  
851.37  855.007  
160.324  426.033  
660.811  158.483  
167.197  759.906  
480.267  155.472  
220.876  858.682  
862.172  227.357  
666.304  866.857  
373.101  156.686  
570.847  156.636  
164.961  244.136  
616.752  153.453  
530.409  878.703  
151.425  377.126  
873.279  281.867  
616.689  871.68  
189.956  151.99  
275.886  874.682  
152.298  169.304  
881.315  412.104  
138.05  731.846  
290.395  150.561  
858.428  153.617  
152.336  208.992  
713.573  880.924  
145.622  295.725  
872.789  191.375  
488.688  878.228  
142.818  529.357  
877.843  371.531  
885.288  456.623  
882.177  672.442  
738.49  139.367  
818.297  141.989  
780.336  143.598  
336.614  886.867  
129.517  332.835  
890.983  594.81  
381.886  884.976  
411.568  138.236  
250.539  139.106  
771.577  885.57  
422.779  892.094  
519.006  137.89  
901.694  508.037  
842.522  894.648  
810.052  891.736  
