532.148  515.983  
481.499  517.308  
487.835  472.505  
529.248  464.644  
559.581  481.85  
526.1  560.995  
468.727  565.825  
565.603  583.841  
582.676  507.657  
455.409  441.714  
595.635  550.722  
432.312  530.909  
429.196  478.043  
550.887  428.119  
599.335  454.78  
500.271  421.845  
480.993  608.265  
418.06  596.075  
412.589  425.089  
537.881  618.356  
625.316  588.831  
576.047  393.542  
623.823  520.346  
584.314  623.994  
392.811  558.76  
618.895  394.433  
389.331  500.574  
455.58  392.048  
645.934  494.032  
410.659  635.478  
518.948  378.899  
645.036  414.259  
515.929  649.135  
646.809  637.364  
611.121  654.17  
370.67  454.207  
647.962  454.242  
400.767  376.494  
372.612  405.185  
469.344  656.443  
673.563  545.592  
567.747  665.934  
348.859  628.651  
349.917  533.022  
370.846  673.529  
347.365  579.648  
423.549  677.173  
679.315  363.751  
680.453  608.172  
474.309  347.139  
431.709  341.489  
630.053  343.13  
345.292  367.838  
574.043  339.964  
340.942  489.225  
678.88  412.97  
649.108  688.872  
337.95  420.152  
687.902  672.294  
386.644  335.237  
685.515  490.386  
521.377  331.549  
503.724  692.134  
552.86  702.24  
700.043  444.422  
605.252  701.143  
346.62  324.516  
326.805  691.116  
457.307  709.87  
307.806  455.588  
718.908  576.519  
704.753  317.552  
303.86  398.727  
726.264  641.576  
662.549  291.608  
724.234  400.077  
301.933  512.477  
296.374  607.428  
412.808  732.329  
370.313  718.06  
301.23  357.638  
308.124  323.904  
717.035  715.454  
469.967  302.83  
289.235  642.582  
295.81  566.937  
602.425  289.626  
669.113  730.524  
401.086  295.399  
722.562  489.054  
727.335  684.687  
733.061  349.979  
741.289  530.761  
516.359  731.512  
288.587  677.189  
552.144  285.092  
296.032  734.432  
331.237  740.641  
308.647  292.636  
436.893  271.032  
508.618  279.895  
355.483  282.746  
615.406  743.11  
740.953  444.611  
565.075  753.53  
726.995  278.804  
469.889  751.609  
759.719  608.421  
269.063  425.246  
715.434  749.498  
264.173  703.914  
262.165  539.038  
263.551  484.513  
268.453  329.744  
280.059  269.728  
759.332  733.825  
769.914  308.648  
261.88  371.941  
263.471  300.757  
767.608  374.039  
372.406  759.287  
768.128  484.098  
761.622  686.739  
258.944  742.371  
315.425  257.275  
630.76  248.058  
779.179  571.409  
511.859  771.946  
439.165  781.484  
474.835  245.807  
663.796  774.319  
779.556  429.31  
393.981  246.402  
760.57  776.192  
244.593  600.503  
781.785  644.307  
770.442  245.099  
311.515  783.734  
268.382  776.943  
237.229  454.603  
578.012  235.724  
236.663  660.329  
244.357  278.681  
345.927  239.564  
719.59  240.048  
675.945  226.95  
246.841  246.405  
528.015  236.703  
353.093  789.919  
615.713  788.458  
402.44  802.193  
715.598  790.177  
228.923  401.459  
793.718  718.74  
279.185  235.412  
803.781  529.082  
223.283  513.736  
227.028  762.083  
218.115  562.54  
227.87  313.14  
219.864  355.194  
803.621  756.134  
569.732  800.489  
224.13  710.262  
809.862  340.542  
802.388  681.802  
524.537  805.2  
809.196  387.932  
471.253  812.379  
423.728  213.672  
814.683  286.346  
242.465  807.347  
303.428  214.485  
811.741  486.704  
778.748  818.372  
204.761  624.589  
212.396  264.963  
820.392  789.084  
281.145  812.783  
369.6  205.682  
457.277  204.021  
208.819  223.597  
673.909  816.106  
242.435  211.153  
823.552  622.828  
201.945  479.386  
501.679  202.939  
818.65  244.738  
201.669  431.772  
629.02  203.176  
815.613  202.059  
826.071  439.642  
202.994  803.597  
830.399  569.526  
631.573  827.434  
543.375  194.389  
334.087  193.861  
717.528  198.458  
770.293  196.441  
731.509  837.863  
590.763  830.953  
355.17  827.85  
264.65  194.343  
301.816  835.851  
188.777  770.23  
188.96  722.148  
181.197  675.384  
837.813  721.352  
191.462  311.818  
581.374  187.994  
841.7  665.503  
546.869  837.131  
183.497  391.097  
398.408  179.173  
823.453  846.953  
180.734  540.861  
194.601  190.372  
204.469  835.76  
505.738  847.414  
414.213  854.268  
851.123  318.483  
167.932  581.559  
850.246  398.112  
247.033  845.945  
856.767  809.619  
168.695  511.424  
173.822  258.887  
671.12  166.116  
170.965  352.212  
296.876  171.416  
461.062  855.68  
170.417  450.56  
475.338  169.05  
857.634  354.159  
857.128  482.87  
681.338  855.304  
843.213  166.447  
864.77  761.43  
222.956  159.698  
604.699  163.684  
736.284  164.07  
870.628  536.187  
320.897  866.184  
860.251  238.855  
868.963  603.736  
642.849  861.697  
610.01  858.896  
162.621  624.701  
153.56  218.36  
162.453  857.752  
868.411  287.82  
637.114  153.473  
151.97  814.004  
156.721  736.573  
513.813  154.2  
260.123  160.322  
437.028  147.356  
