513.022  531.775  
496.243  494.477  
524.352  462.203  
562.388  495.254  
478.284  529.597  
529.853  568.065  
473.644  494.46  
471.816  567.973  
447.944  543.41  
458.432  478.993  
491.534  434.967  
567.611  584.628  
614.243  525.715  
435.272  510.806  
615.957  444.418  
437.63  591.86  
437.574  476.873  
404.175  451.695  
517.886  612.211  
450.928  398.751  
602.393  597.878  
405.021  535.341  
543.076  386.022  
477.903  647.886  
625.723  579.707  
595.204  388.421  
404.766  382.742  
407.251  645.056  
507.871  373.636  
445.723  640.347  
612.82  630.822  
498.349  661.439  
570.466  651.917  
552.635  650.705  
373.03  648.842  
370.303  592.921  
359.758  492.118  
362.118  556.532  
523.602  650.859  
646.329  360.476  
593.878  655.24  
354.206  407.341  
655.828  577.566  
361.918  530.624  
373.102  350.578  
626.801  667.39  
579.318  358.176  
489.936  345.115  
661.236  675.824  
702.14  495.832  
689.742  645.061  
442.685  684.523  
689.66  471.39  
693.425  386.51  
711.105  524.805  
427.851  341.382  
538.266  688.89  
331.386  437.752  
463.409  334.312  
702.545  435.163  
616.06  338.367  
591.973  690.859  
330.652  637.215  
693.725  604.153  
568.445  326.242  
712.086  561.763  
337.124  361.086  
336.236  589.278  
689.189  580.619  
687.299  318.973  
310.473  710.679  
413.977  713.333  
321.616  531.792  
332.722  320.427  
694.648  687.959  
303.048  484.07  
616.638  316.595  
540.138  305.672  
627.134  713.411  
291.64  657.957  
297.625  515.353  
310.621  601.126  
284.016  564.136  
299.792  454.991  
716.417  697.321  
453.017  304.539  
492.203  297.356  
516.909  736.613  
308.134  362.816  
413.791  300.647  
351.651  744.821  
733.954  614.565  
576.97  723.423  
656.409  747.502  
739.279  352.174  
686.227  740.347  
283.124  400.318  
393.02  746.117  
730.602  315.356  
347.573  277.257  
734.81  740.651  
619.031  284.904  
448.082  766.269  
726.064  380.082  
274.409  290.899  
279.851  343.208  
750.334  668.95  
280.826  434.744  
661.283  270.845  
688.18  280.134  
279.835  603.729  
745.101  466.221  
728.074  286.614  
737.769  394.877  
631.228  750.228  
514.15  267.837  
410.454  271.89  
607.138  761.95  
545.328  271.765  
758.526  402.714  
588.608  249.943  
571.361  762.814  
765.842  424.379  
376.778  761.502  
748.407  264.271  
762.786  510.757  
772.528  713.745  
776.259  334.733  
229.351  731.222  
252.193  628.597  
772.57  376.594  
480.137  787.248  
250.059  520.102  
451.791  252.265  
242.936  452.442  
279.433  246.466  
775.85  574.956  
769.896  631.761  
783.57  653.319  
311.378  798.904  
487.483  243.533  
775.104  289.802  
239.084  389.329  
716.567  244.307  
769.569  611.571  
248.706  789.46  
786.084  456.287  
700.431  789.229  
234.774  669.288  
237.484  328.964  
537.97  779.481  
234.29  355.038  
753.687  808.699  
631.708  219.775  
547.562  230.623  
680.84  244.723  
415.101  226.019  
809.552  746.159  
659.159  245.054  
375.99  790.271  
360.423  225.403  
785.82  505.938  
309.433  216.218  
501.145  805.641  
221.582  298.246  
221.388  597.044  
230.043  224.695  
659.071  222.036  
752.01  216.443  
693.086  227.787  
809.589  218.763  
824.434  552.547  
801.943  599.561  
599.707  801.55  
788.623  615.535  
811.346  277.078  
554.357  806.431  
508.499  215.578  
800.198  420.62  
797.417  625.278  
813.708  681.02  
674.898  824.009  
622.501  833.621  
457.56  206.933  
824.253  393.066  
813.848  707.623  
797.28  816.633  
214.3  523.812  
816.889  351.174  
204.475  253.958  
810.83  498.46  
845.286  779.183  
379.226  817.738  
413.331  832.822  
204.207  407.234  
815.52  631.578  
520.899  829.119  
230.717  835.973  
184.358  473.832  
433.421  831.71  
845.315  303.505  
202.061  686.506  
185.03  574.858  
595.582  195.228  
694.197  207.035  
457.201  834.402  
191.075  654.211  
530.073  202.895  
178.804  544.264  
388.244  174.739  
854.128  489.482  
836.193  824.936  
855.587  437.827  
188.19  316.033  
272.541  174.62  
181.148  799.998  
174.212  357.859  
545.225  192.508  
572.501  178.202  
490.896  176.636  
190.355  611.516  
202.13  171.747  
568.913  848.417  
677.017  188.648  
838.037  620.132  
863.697  644.713  
349.787  176.181  
160.06  378.412  
702.225  184.662  
660.136  161.663  
846.987  692.559  
513.748  162.897  
176.379  842.816  
855.415  226.608  
372.619  846.564  
184.5  251.883  
717.59  169.986  
867.028  184.815  
321.487  157.66  
445.126  157.783  
276.503  866.926  
168.533  412.348  
760.669  154.018  
859.784  344.668  
770.346  852.12  
489.761  863.275  
799.461  843.614  
619.338  135.433  
164.114  217.946  
875.916  563.471  
152.162  506.916  
831.411  858.286  
174.443  615.392  
511.869  870.067  
536.268  166.126  
539.361  876.654  
683.437  862.286  
