508.979  475.229  
479.015  497.904  
535.982  507.397  
530.2  563.007  
490.441  572.038  
561.319  471.368  
558.785  561.368  
590.504  508.866  
444.778  530.895  
562.778  489.801  
547.505  451.416  
519.097  432.712  
575.05  453.474  
431.201  599.902  
462.36  421.845  
605.328  561.37  
423.55  417.03  
423.94  479.849  
562.859  428.916  
557.757  585.426  
615.528  454.333  
548.55  596.07  
401.631  556.829  
592.575  616.999  
550.833  620.233  
479.048  392.879  
391.968  516.776  
589.093  388.677  
389.978  472.69  
493.607  630.845  
540.543  389.79  
627.688  387.067  
616.569  631.95  
382.947  646.383  
371.203  415.472  
662.05  613.692  
417.583  662.735  
426.914  658.482  
448.944  654.915  
666.942  534.321  
658.475  436.223  
542.925  655.436  
656.401  670.433  
492.791  346.74  
527.703  350.049  
342.969  470.535  
447.178  358.539  
584.853  665.778  
356.047  329.978  
333.3  554.587  
413.154  345.654  
673.654  370.162  
617.003  687.865  
494.64  682.143  
334  376.506  
529.687  682.436  
693.093  424.021  
567.663  325.087  
702.629  497.864  
353.286  709.563  
621.848  322.575  
301.594  649.298  
556.98  699.658  
695.592  336.422  
705.019  596.14  
443.173  706.817  
385.721  704.062  
316.785  426.687  
724.897  718.556  
724.221  639.133  
687.411  759.155  
489.906  735.275  
313.049  354.226  
425.89  302.298  
585.684  731.64  
751.793  488.146  
690.415  305.165  
730.058  362.905  
310.781  737.217  
644.766  282.178  
745.724  444.496  
722.138  546.831  
391.018  736.69  
292.828  311.458  
283.249  343.706  
504.018  291.972  
650.354  751.958  
613.336  749.611  
426.615  734.902  
537.164  754.152  
743.001  385.547  
750.159  409.489  
269.278  382.389  
733.577  277.406  
737.8  571.685  
279.39  512.664  
292.627  363.575  
291.151  428.05  
577.758  285.198  
248.503  476.114  
253.057  445.669  
692.7  273.706  
782.948  697.501  
752.101  329.529  
747.987  525.197  
264.829  409.765  
330.027  252.049  
257.877  702.938  
265.02  558.471  
393.718  261.142  
766.382  293.659  
257.973  270.777  
616.577  266.312  
674.316  256.351  
763.394  561.519  
776.153  592.189  
269.377  769.594  
780.885  630.588  
559.122  249.13  
366.046  777.964  
447.978  246.986  
425.984  763.792  
225.007  589.859  
585.664  260.437  
743.259  769.678  
488.903  260.65  
519.95  256.554  
241.013  307.901  
463.102  790.803  
278.521  237.436  
336.522  801.316  
222.231  630.65  
236.291  504.143  
777.827  236.642  
234.645  346.415  
788.925  329.29  
796.83  466.034  
793.517  549.232  
236.569  722.313  
608.563  234.181  
304.823  796.847  
803.548  375.31  
806.325  766.919  
785.392  427.009  
488.738  221.882  
242.382  243.385  
517.882  217.463  
716.222  210.095  
809.643  398.841  
212.708  796.931  
215.635  751.335  
552.264  212.166  
816.154  265.204  
651.336  795.401  
206.037  656.678  
228.908  542.482  
686.77  217.77  
408.435  813.459  
657.326  217.479  
762.67  198.128  
588.493  818.822  
208.394  675.565  
201.42  394.799  
720.15  811.958  
636.409  818.605  
397.647  228.955  
534.909  823.651  
244.995  209.62  
795  821.569  
478.778  836.719  
209.242  287.778  
259.881  810.999  
800.642  427.892  
280.647  206.293  
815.582  352.635  
830.118  505.448  
640.93  202.775  
385.616  184.914  
203.988  203.913  
814.146  222.758  
204.681  712.353  
203.356  467.474  
305.311  200.675  
603.443  193.902  
836.677  560.247  
830.304  428.471  
413.957  201.552  
173.293  269.935  
449.817  191.044  
823.177  315.935  
351.788  175.884  
194.072  544.987  
200.167  503.51  
848.744  653.503  
190.44  321.267  
177.093  524.399  
326.717  174.867  
834.081  205.481  
174.68  564.228  
741.004  836.25  
847.756  290.475  
309.813  862.223  
855.316  719.601  
360.163  870.714  
244.859  835.665  
846.966  352.955  
861.1  468.37  
816.538  168.038  
177.922  734.715  
864.825  765.37  
847.026  844.802  
404.374  861.214  
175.55  756.233  
619.34  163.549  
171.595  643.808  
151.125  338.689  
553.645  165.822  
164.816  785.719  
176.293  679.02  
699.211  868.139  
486.336  161.602  
165.373  466.547  
280.193  158.601  
890.688  601.028  
641.632  859.22  
170.489  502.374  
660.401  157.508  
715.263  163.524  
840.954  172.771  
727.476  858.852  
138.768  851.746  
155.475  593.846  
511.74  147.355  
861.999  311.03  
169.5  892.425  
572.702  861.798  
156.458  716.407  
877.889  237.654  
855.903  193.956  
808.734  869.421  
458.783  156.859  
227.679  894.836  
191.069  146.166  
752.448  162.15  
263.374  875.766  
446.175  879.81  
145.151  219.915  
137.823  429.034  
889.578  402.77  
892.439  700.202  
149.985  149.725  
144.262  396.247  
518.253  883.421  
887.37  271.231  
884.351  189.119  
888.156  503.493  
880.033  826.486  
