520.324  505.623  
474.023  538.28  
472.49  498.047  
511.913  561.788  
563.401  528.454  
486.711  461.678  
565.763  471.499  
525.863  456.242  
566.814  573.124  
446.35  460.608  
455.414  578.038  
434.354  516.599  
485.106  604.005  
421.865  557.382  
605.128  463.785  
610.865  519.425  
485.198  418.68  
534.257  416.154  
426.504  429.281  
567.268  407.125  
602.988  415.052  
538.934  617.112  
423.54  607.13  
580.271  618.061  
398.653  475.477  
630.393  587.422  
620.798  624.14  
395.575  587.419  
644.904  551.687  
449.095  638.286  
390.614  522.937  
421.82  395.891  
460.787  382.407  
506.471  643.281  
520.675  380.097  
402.727  643.378  
641.845  404.063  
378.214  423.206  
644.233  462.87  
393.661  371.977  
370.717  564.381  
360.968  620.879  
607.017  657.096  
495.606  354.218  
596.768  361.449  
671.228  509.433  
660.071  639.286  
550.138  346.553  
463.32  672.146  
577.711  675.975  
354.631  668.479  
545.614  678.374  
353.549  374.498  
674.866  363.679  
345.326  454.707  
432.996  349.718  
634.52  339.769  
340.832  491.736  
681.473  420.571  
348.724  524.361  
691.474  602.496  
671.706  679.359  
502.74  680.411  
409.076  688.335  
627.926  695.982  
332.682  590.687  
688.739  467.707  
333.076  554.029  
694.818  558.116  
326.655  409.01  
355.364  332.442  
471.27  320.074  
406.643  319.244  
715.471  645.294  
313.756  707.215  
449.717  714.303  
678.572  308.176  
530.343  714.852  
307.236  350.22  
577.531  303.466  
711.739  685.066  
488.435  711.506  
714.124  363.516  
299.716  624.689  
514.134  298.331  
372.728  724.092  
298.324  670.471  
313.529  307.393  
585.107  725.478  
733.61  524.948  
303.964  523.993  
719.627  426.844  
726.47  480.643  
669.701  727.216  
300.354  462.281  
719.222  721.42  
334.205  738.53  
729.961  300.391  
290.831  574.142  
367.597  291.017  
620.302  282.159  
448.999  280.451  
744.034  396.454  
748.681  567.835  
432.908  747.199  
398.889  748.698  
284.808  407.987  
759.047  619.316  
272.499  364.873  
625.966  753.853  
499.235  747.102  
542.35  757.014  
267.435  507.561  
757.962  346.699  
262.952  729.743  
323.61  270.506  
269.198  295.452  
549.908  258.53  
405.693  262.923  
760.495  448.589  
760.048  680.454  
756.111  744.81  
266.102  476.892  
262.609  536.886  
262.213  445.59  
470.208  767.875  
297.015  772.988  
686.434  254.467  
712.844  767.282  
772.557  494.417  
247.101  657.702  
495.843  248.017  
246.912  613.817  
773.122  286.752  
238.357  327.498  
275.879  251.935  
664.395  773.919  
580.401  775.008  
632.652  240.881  
247.128  564.61  
358.491  777.042  
779.491  415.206  
368.947  249.149  
223.87  693.475  
245.425  774.668  
244.216  414.182  
734.65  230.07  
788.368  377.824  
406.022  786.166  
442.821  232.093  
309.854  232.106  
776.635  792.051  
229.565  369.584  
785.7  225.098  
504.555  803.251  
232.713  483.505  
223.074  273.79  
347.559  224.297  
445.057  802.887  
573.039  213.644  
331.958  802.213  
230.806  227.963  
801.942  573.819  
800.915  692.67  
792.131  746.277  
802.067  338.536  
809.896  269.408  
815.081  638.699  
731.498  813.729  
689.268  808.264  
631.816  806.455  
595.923  810.066  
213.779  509.878  
814.918  504.193  
219.062  450.066  
811.117  450.711  
548.644  813.298  
206.282  592.38  
398.518  206.509  
257.747  816.347  
200.273  543.38  
203.462  754.031  
213.781  407.827  
650.867  199.405  
395.43  819.998  
202.281  811.038  
274.53  201.923  
823.702  399.933  
496.251  204.286  
822.222  735.682  
831.776  778.268  
820.012  820.313  
833.78  315.434  
304.29  834.349  
836.979  546.453  
656.67  834.526  
827.234  229.387  
357.763  837.885  
708.087  181.565  
183.192  312.165  
321.754  190.554  
174.698  648.606  
447.172  186.346  
179.043  716.534  
183.208  472.113  
220.032  179.628  
776.118  841.53  
466.667  846.502  
184.312  360.023  
185.666  397.721  
180.425  435.044  
518.065  171.598  
774.312  175.281  
373.191  174.868  
840.292  701.64  
171.359  216.263  
833.184  180.45  
171.441  265.074  
847.609  282.083  
849.317  350.783  
579.448  849.725  
604.864  161.135  
857.534  668.407  
532.414  853.005  
236.411  859.106  
689.33  853.82  
620.346  855.201  
867.673  621.809  
863.938  438.147  
864.129  583.248  
408.869  863.732  
864.971  484.747  
191.253  863.578  
159.716  787.37  
839.21  862.333  
158.546  506.962  
740.074  863.31  
155.52  575.687  
164.95  157.964  
859.042  738.579  
557.903  148.686  
871.108  388.885  
866.74  521.002  
859.603  231.946  
279.19  874.272  
277.312  154.75  
874.969  819.929  
143.416  842.767  
335.531  147.074  
663.019  141.832  
345.137  880.813  
433.621  146.874  
515.653  883.024  
876.019  187.759  
145.233  405.559  
809.343  890.043  
140.268  354.689  
