514.006  506.147  
491.134  559.813  
464.923  526.669  
537.951  566.134  
551.616  469.933  
485.912  459.455  
574.286  519.022  
448.241  477.168  
444.464  586.157  
577.327  599.404  
431.671  508.752  
541.51  427.745  
594.52  437.839  
421.092  443.671  
496.249  413.46  
622.17  558.766  
486.456  607.242  
407.586  548.856  
450.101  408.095  
617.964  473.771  
537.478  625.061  
403.21  607.418  
622.531  611.48  
587.345  403.02  
640.845  514.728  
396.108  502.298  
401.079  388.943  
646.372  427.472  
633.232  377.945  
371.578  471.464  
555.209  379.64  
459.529  652.424  
519.037  374.082  
502.484  652.084  
374.519  435.166  
415.155  657.779  
364.693  582.6  
592.563  669.99  
458.596  359.287  
639.611  666.217  
371.341  673.482  
593.057  362.629  
355.605  526.296  
342.783  638.709  
351.884  402.046  
669.655  609.115  
547.508  679.633  
676.164  473.139  
351.203  366.096  
684.945  396.271  
686.337  556.64  
671.297  341.578  
681.237  662.13  
401.186  335.652  
509.826  333.763  
564.143  330.833  
325.819  492.281  
321.715  566.645  
618.859  324.505  
489.237  700.237  
329.193  435.554  
433.799  707.094  
352.656  323.027  
719.073  523.204  
346.485  719.032  
708.557  618.946  
706.911  693.399  
669.597  712.136  
297.032  620.003  
312.719  357.473  
444.581  305.134  
622.369  716.832  
295.109  685.122  
705.269  310.398  
527.054  723.64  
489.524  298.769  
714.288  469.715  
311.108  308.876  
293.566  397.95  
287.344  531.28  
294.005  445.473  
734.344  353.409  
727.968  404.537  
729.421  650.974  
548.068  295.061  
573.894  741.893  
393.137  750.931  
647.016  286.905  
738.417  600.829  
706.951  736.151  
396.442  281.732  
592.567  279.857  
275.838  478.145  
750.423  442.902  
280.272  337.844  
749.981  553.435  
743.309  732.424  
463.416  753.114  
311.417  759.618  
739.637  688.305  
346.237  280.052  
749.893  293.156  
658.567  750.329  
752.714  497.68  
278.752  277.989  
257.827  578.673  
611.565  757.996  
513.443  264.046  
251.185  723.589  
678.107  255.875  
721.761  261.127  
249.144  369.71  
464.629  257.811  
767.405  584.581  
532.666  763.836  
252.163  312.747  
253.058  766.878  
766.461  652.565  
242.117  665.103  
243.432  419.308  
705.027  768.909  
329  248.192  
777.282  466.205  
551.479  252.215  
778.931  335.007  
772.928  696.393  
784.199  373.761  
426.333  238.207  
621.798  246.17  
783.322  751.131  
234.781  504.303  
786.905  413.595  
778.71  519.159  
754.397  790.553  
778.812  246.088  
789.745  622.124  
378.622  233.886  
278.625  240.048  
666.314  783.954  
520.853  797.793  
212.133  619.156  
634.619  797.22  
583.054  233.989  
788.296  291.151  
230.972  237.742  
435.749  805.22  
796.067  544.575  
586.957  798.358  
796.808  487.484  
478.487  809.926  
387.742  801.35  
332.939  818.622  
217.657  282.678  
491.771  219.551  
809.016  726.057  
529.286  224.917  
643.178  217.028  
733.089  221.948  
804.344  577.114  
274.415  809.387  
804.764  670.821  
806.923  802.494  
710.484  804.018  
210.349  329.507  
217.355  789.408  
202.764  437.15  
813.908  446.474  
198.332  561.857  
318.53  212.61  
672.954  215.712  
698.602  202.61  
817.004  322.397  
815.871  511.945  
195.481  696.187  
820.978  218.554  
465.197  195.107  
567.234  202.588  
606.474  204.932  
671.133  821.784  
826.291  267.277  
360.994  200.522  
432.96  203.416  
190.457  750.488  
283  202.125  
775.272  198.498  
182.798  369.346  
830.967  389.745  
551.555  842.61  
827.601  605.388  
181.179  488.037  
196.822  202.544  
251.825  183.494  
831.769  477.51  
607.713  833.02  
836.148  634.043  
224.967  836.223  
187.151  823.886  
530.066  194.722  
847.001  350.085  
396.25  177.236  
834.148  539.401  
840.415  708.42  
847.025  422.751  
854.936  769.505  
839.239  667.177  
753.058  845.298  
180.281  239.286  
741.043  185.047  
707.847  845.418  
329.991  179.135  
661.771  180.109  
846.756  574.938  
503.892  855.814  
626.355  174.849  
859.907  832.927  
653.107  855.977  
389.041  853.27  
495.177  177.392  
820.482  173.461  
820.684  861.69  
174.506  289.849  
222.371  162.199  
716.427  171.524  
859.866  303.579  
446.95  859.605  
275.545  851.316  
154.478  634.698  
593.288  166.98  
859.343  507.191  
161.941  797.601  
154.419  539.302  
781.173  874.245  
558.543  166.641  
299.159  161.423  
864.775  194.169  
182.523  164.316  
441.685  167.256  
156.245  421.964  
868.767  250.909  
864.567  459.351  
693.483  160.519  
352.015  156.941  
783.65  159.477  
528.786  155.038  
867.101  607.295  
597.916  873.332  
191.874  872.45  
145.533  688.959  
867.932  544.566  
875.713  724.339  
145.669  852.975  
861.952  151.467  
305.825  888.997  
146.359  186.615  
871.227  656.918  
130.309  331.59  
358.124  891.44  
