515.5  508.5  
499.765  512.599  
540.827  508.828  
480.25  497.044  
522.003  544.229  
487.519  558.15  
518.743  474.595  
464.713  554.525  
503.865  555.503  
569.185  561.592  
449.753  483.608  
580.457  500.464  
558.773  438.44  
505.78  447.901  
512.872  587.571  
455.334  418.486  
582.955  441.405  
442.93  588.46  
424.541  531.697  
422.767  571.874  
510.279  411.66  
600.017  562.686  
415.838  461.175  
559.806  627.409  
598.371  435.138  
612.542  444.334  
617.99  482.984  
403.165  502.344  
608.647  624.692  
410.318  418.07  
441.234  635.683  
634.74  461.113  
386.012  566.69  
414.553  594.902  
629.158  581.984  
607.698  402.418  
394.286  614.788  
536.711  394.429  
648.112  536.354  
582.142  385.344  
654.05  497.966  
482.887  658.598  
557.334  373.325  
409.894  384.428  
376.814  447.07  
370.567  535.786  
631.761  383.49  
658.891  434.904  
350.823  496.747  
517.917  680.337  
640.456  663.557  
476.553  351.145  
381.741  373.66  
372.634  663.324  
523.777  345.177  
664.564  396.448  
352.99  625.355  
603.991  350.162  
679.047  570.189  
677.461  616.544  
670.376  364.35  
557.505  686.324  
344.438  378.141  
333.419  578.908  
644.894  341.122  
442.193  320.691  
321.067  441.302  
415.701  319.678  
688.474  688.643  
393.83  710.647  
693.315  649.695  
345.219  321.892  
383.939  303.38  
672.843  325.836  
596.276  716.754  
334.193  696.422  
704.275  391.72  
720.971  512.175  
429.655  732.568  
574.743  310.51  
714.896  465.292  
661.793  718.516  
315.457  661.56  
716.101  427.756  
716.525  324.206  
361.929  731.242  
473.46  726.324  
309.926  625.892  
284.947  540.077  
714.034  662.857  
294.08  337.546  
641.667  300.086  
715.576  605.186  
487.963  303.574  
617.296  281.471  
309.222  301.008  
720.382  723.74  
286.965  381.8  
299.994  725.914  
277.666  466.74  
735.196  347.478  
270.019  502.536  
541.225  282.674  
288.392  593.73  
754.099  567.217  
680.42  287.239  
744.85  621.277  
525.354  748.158  
568.549  750.697  
276.954  645.245  
739.74  653.308  
260.561  696.496  
757.618  380.185  
751.759  679.404  
517.929  258.371  
331.302  755.947  
759.513  435.72  
752.64  699.148  
448.871  276.501  
699.663  260.852  
658.257  770.497  
614.277  770.803  
284.586  261.875  
415.087  268.095  
486.671  759.404  
483.779  268.91  
760.788  474.653  
742.424  244.514  
586.58  267.17  
780.531  288.949  
762.519  751.343  
252.145  423.748  
340.422  249.861  
251.401  585.196  
778.009  659.21  
253.82  772.792  
781.151  255.234  
780.492  345.083  
239.457  316.634  
774.786  711.515  
565.596  249.979  
448.214  771.471  
507.597  787.728  
650.338  243.893  
392.679  793.088  
717.386  792.512  
711.877  226.804  
223.962  386.841  
308.659  785.913  
228.688  626.59  
436.375  239.037  
218.832  262.716  
785.929  530.042  
216.638  355.116  
399.889  212.871  
799.393  320.073  
808.861  620.106  
773.76  786.74  
558.56  799.093  
348.47  806.993  
801.724  411.424  
816.33  510.724  
684.225  804.162  
227.948  559.246  
455.967  791.518  
367.129  205.065  
473.55  227.008  
791.692  567.673  
222.545  407.724  
601.742  208.604  
631.001  202.576  
547.385  220.757  
581.859  218.154  
225.196  499.22  
238.588  219.3  
194.001  759.141  
207.835  713.713  
815.766  474.531  
506.908  205.515  
818.526  438.288  
806.805  709.588  
784.82  215.479  
203.507  432.146  
675.173  193.669  
582.385  832.359  
325.441  816.892  
186.699  679.629  
305.89  188.271  
821.451  759.309  
291.861  818.144  
623.655  812.35  
781.361  816.443  
245.639  822.243  
188.055  547.178  
819.609  235.752  
812.209  569.436  
810.809  540.615  
462.355  820.843  
368.77  823.323  
183.786  479.209  
667.856  819.68  
843.194  788.527  
827.43  349.007  
516.66  839.702  
720.933  193.13  
443.867  194.757  
836.868  667.779  
831.376  823.392  
832.502  188.066  
753.412  187.935  
826.862  277.133  
183.657  845.909  
841.268  309.03  
725.921  838.586  
750.108  864.011  
176.189  616.942  
842.861  557.269  
703.229  836.57  
446.121  856.687  
243.488  180.147  
838.24  250.369  
667.64  846.291  
855.677  363.863  
170.293  335.289  
690.324  831.249  
625.051  840.272  
479.061  170.958  
385.678  842.026  
274.336  849.788  
164.751  164.606  
559.186  176.131  
863.076  392.184  
872.898  746.704  
779.756  856.1  
877.595  704.702  
312.954  847.637  
155.225  225.53  
359.301  159.719  
867.248  459.843  
168.026  270.488  
788.318  165.437  
863.356  420.72  
850.42  486.175  
547.566  142.191  
878.919  598.33  
813.041  864.815  
599.105  148.194  
877.454  640.786  
857.468  232.77  
863.063  859.421  
146.212  402.468  
860.009  276.176  
872.678  664.151  
407.364  882.264  
157.813  439.422  
438.7  149.764  
132.562  796.403  
