487.849  539.788  
492.118  481.226  
546.569  506.122  
526.64  561.859  
532.009  448.674  
452.58  512.424  
567.412  565.693  
576.162  451.577  
439.105  464.362  
435.696  575.673  
594.2  531.416  
598.184  489.622  
486.151  604.39  
483.315  420.485  
414.524  544.088  
439.489  420.224  
598.869  610.288  
542.042  618.932  
616.182  573.725  
412.027  505.262  
612.905  407.636  
568.013  402.634  
617.441  447.234  
433.431  619.561  
400.16  434.174  
519.219  385.322  
388.422  483.805  
387.352  619.086  
639.301  506.584  
634.508  536.39  
430.601  382.515  
377.911  395.112  
641.755  474.927  
374.547  464.031  
371.745  562.33  
610.231  656.036  
362.432  590.54  
660.795  639.581  
652.19  386.704  
367.283  536.47  
650.865  432.95  
663.715  604.401  
499.772  668.644  
363.607  511.296  
558.414  669  
438.455  659.879  
663.007  568.243  
473.51  352.629  
603.186  356.597  
402.249  350.778  
353.592  442.182  
558.828  350.75  
383.502  677.212  
646.032  349.801  
672.12  487.78  
669.857  521.748  
677.469  455.098  
337.293  635.099  
331.567  365.754  
682.213  413.627  
678.315  677.221  
337.723  410.194  
334.298  481.876  
696.247  542.401  
640.487  705.825  
368.635  318.893  
692.474  346.077  
521.653  322.558  
331.002  690.288  
696.184  379.787  
445.603  706.113  
327.165  565.89  
697.713  501.405  
433.985  310.45  
590.103  713.918  
314.941  521.632  
707.403  430.193  
716.759  578.503  
311.061  319.845  
537.666  719.517  
719.162  624.176  
708.897  464.372  
301.543  608.648  
643.173  314.787  
572.777  303.317  
693.272  315.307  
699.767  718.941  
303.728  424.142  
295.598  464.767  
731.847  668.991  
482.543  292.177  
613.931  288.334  
488.477  732.449  
729.344  398.708  
385.047  736.099  
726.895  498.668  
734.403  357.148  
316.387  738.978  
277.201  671.873  
741.226  533.926  
282.156  387.154  
280.116  557.013  
741.081  315.749  
330.33  276.205  
736.645  433.811  
274.554  503.761  
693.737  289.821  
741.854  465.546  
380.475  271.822  
669.724  762.256  
658.995  267.786  
754.523  718.696  
624.345  759.605  
526.449  267.691  
721.536  759.178  
272.296  273.909  
734.873  266.478  
254.692  364.026  
270.434  324.092  
429.129  262.117  
445.006  767.359  
268.082  760.119  
763.826  583.98  
702.93  262.17  
256.564  617.249  
761.373  383.246  
586.367  767.02  
262.53  428.377  
556.992  777.476  
763.726  494.409  
526.69  766.653  
242.002  705.93  
569.922  254.117  
769.43  413.732  
777.298  626.923  
773.729  275.148  
404.527  781.945  
768.349  444.404  
757.048  779.763  
340.513  785.666  
778.495  353.113  
485.884  774.618  
242.616  474.247  
475.723  242.681  
618.29  246.048  
786.023  546.246  
788.673  676.986  
784.694  311.418  
787.889  471.156  
231.268  568.868  
231.849  518.055  
309.155  232.332  
358.315  236.386  
795.079  733.356  
227.81  441.498  
254.073  230.874  
787.305  240.912  
233.787  316.116  
689.349  228.961  
744.452  228.795  
800.743  511.124  
221.851  401.935  
403.69  222.753  
793.366  783.528  
225.842  795.488  
800.531  390.312  
516.934  218.34  
212.524  259.636  
649.072  220.197  
714.863  810.689  
504.458  805.362  
802.323  436.754  
298.971  816.634  
610.677  811.023  
204.62  628.255  
661.864  816.676  
588.224  211.371  
203.466  748.822  
555.347  204.397  
392.267  824.997  
266.312  821.67  
824.369  589.979  
818.15  345.953  
201.75  363.39  
463.053  196.494  
449.059  824.045  
821.725  261.177  
829.439  638.158  
553.729  827.622  
200.329  693.266  
825.422  302.362  
618.726  198.259  
787.732  202.831  
819.058  463.812  
240.438  196.675  
198.224  204.766  
354.617  199.855  
827.26  407.508  
833.287  708.215  
825.414  809.816  
769.544  832.724  
198.582  310.549  
294.165  193.443  
707.534  194.458  
828.979  762.953  
195.934  467.255  
831.664  217.199  
419.462  185.061  
184.283  550.028  
337.698  831.606  
665.581  191.134  
747.661  192.354  
836.793  502.582  
845.287  550.562  
185.865  510.446  
182.25  424.71  
198.141  841.055  
235.154  848.169  
501.281  843.389  
178.404  795.688  
165.992  672.408  
862.69  680.56  
166.338  237.382  
842.919  452.531  
597.656  854.655  
158.851  581.29  
805.567  169.867  
855.372  387.257  
825.48  848.884  
511.675  166.412  
331.009  161.11  
383.407  160.715  
700.359  861.356  
363.21  860.373  
855.807  185.778  
857.681  346.173  
163.855  730.897  
158.003  394.631  
159.699  337.912  
152.959  285.999  
645.104  869.773  
594.802  159.692  
163.545  176.924  
635.126  158.388  
680.387  165.004  
859.924  256.183  
862.7  754.826  
204.528  159.546  
245.189  160.273  
730.885  159.88  
865.98  298.44  
869.423  429.432  
303.522  864.435  
557.053  154.027  
160.93  850.031  
154.967  491.722  
755.324  876.174  
