516.606  534.908  
487.416  493.633  
524.703  485.762  
555.399  514.163  
460.749  527.026  
481.242  561.889  
558.818  465.273  
575.009  546.778  
556.671  577.6  
497.025  448.461  
447.095  454.797  
516.522  580.866  
440.391  493.12  
434.023  566.392  
598.076  489.935  
547.562  423.749  
463.209  601.507  
606.479  452.642  
606.151  525.259  
603.209  584.826  
467.57  415.359  
408.101  531.044  
412.652  431.578  
591.381  407.197  
428.497  619.385  
536.256  619.558  
514.842  398.286  
494.848  627.623  
578.274  627.354  
395.451  477.726  
437.788  397.151  
389.216  589.142  
639.593  556.189  
623.008  632.281  
637.774  422.55  
401.257  389.624  
627.088  378.418  
650.263  503.279  
403.241  650.188  
489.02  371.472  
568.708  368.152  
460.532  660.271  
665.55  604.141  
366.095  430.824  
664.771  455.372  
366.939  531.593  
449.577  362.283  
540.879  664.46  
349.513  618.015  
362.497  380.964  
657.937  668.692  
360.08  666.547  
674.576  398.986  
504.032  679.938  
349.72  480.21  
584.133  681.491  
416.19  344.653  
541.319  337.515  
658.002  345.652  
334.896  561.345  
377.081  338.599  
693.538  540.962  
615.525  335.049  
425.704  689.758  
629.075  708.095  
491.662  334.746  
324.988  349.465  
699.568  362.941  
701.694  483.506  
709.062  640.463  
316.687  396.365  
702.212  685.143  
314.161  503.618  
315.779  442.25  
337.456  704.466  
700.137  318.08  
446.075  317.451  
478.564  712.873  
716.266  589.459  
396.206  719.182  
587.537  302.114  
721.127  412.7  
540.058  720.585  
299.414  653.256  
298.692  597.622  
352.204  299.13  
316.714  311.291  
520.868  301.297  
663.566  300.436  
400.349  296.493  
702.837  721.66  
736.29  458.22  
286.092  543.173  
477.583  291.685  
448.505  735.868  
587.928  746.304  
315.448  741.963  
738.138  354.652  
271.11  696.325  
273.284  476.879  
747.149  302.33  
642.259  270.274  
755.361  501.843  
754.512  549.928  
275.915  323.218  
267.676  373.288  
367.203  753.547  
753.613  667.076  
302.18  279.003  
681.06  764.014  
438.928  277.537  
708.628  265.941  
516.74  757.809  
741.606  751.273  
640.718  763.169  
759.626  611.6  
262.685  430.589  
267.399  741.66  
565.411  256.347  
769.054  707.274  
374.92  260.432  
523.169  265.007  
268.306  264.24  
778.976  384.686  
435.927  769.327  
476.557  776.353  
247.505  634.612  
325.703  252.149  
776.875  440.622  
244.172  511.726  
773.577  263.874  
404.777  779.046  
249.325  588.289  
609.514  237.773  
477.583  250.872  
780.251  334.747  
237.238  295.977  
428.864  246.835  
557.171  791.496  
301.032  785.5  
231.299  552.231  
258.432  780.997  
337.733  791.066  
791.652  747.611  
711.976  800.714  
764.875  798.713  
607.878  797.939  
668.365  216.468  
217.168  674.264  
217.736  340.946  
235.494  233.202  
800.44  623.324  
215.086  404.611  
805.899  561.17  
724.56  217.617  
511.368  222.178  
276.966  226.744  
804.368  494.21  
804.771  673.357  
218.72  766.993  
212.533  718.737  
504.85  803.397  
371.991  804.187  
350.485  214.694  
384.698  214.029  
213.464  472.088  
416.678  212.128  
780.489  215.113  
314.144  209.985  
817.781  413.125  
445.682  814.109  
458.075  205.064  
821.58  323.255  
222.797  817.236  
826.056  789.675  
197.916  265.946  
550.76  199.965  
206.149  600.984  
652.201  825.955  
268.243  818.162  
823.898  266.769  
832.274  710.905  
807.467  831.149  
401.368  821.966  
208.191  201.944  
831.3  216.825  
523.472  832.032  
188.877  527.442  
844.626  463.443  
302.468  834.29  
183.036  643.514  
609.77  191.142  
595.501  836.59  
844.617  598.038  
847.835  524.233  
845.275  754.073  
479.28  842.376  
343.138  834.974  
853.601  365.077  
270.545  190.977  
844.135  646.937  
556.171  846.417  
174.604  445.066  
490.319  174.859  
701.694  848.974  
173.753  362.657  
174.524  812.786  
752.653  171.479  
805.415  174.896  
172.969  756.247  
164.013  313.794  
759.39  851.252  
171.675  587.647  
416.923  853.38  
364.087  164.686  
251.34  859.729  
707.258  158.376  
382.838  860.523  
847.496  170.617  
861.403  832.779  
416.832  160.454  
659.553  157.328  
159  696.094  
310.508  161.865  
194.763  868.643  
158.014  212.115  
157.253  484.279  
864.216  414.446  
446.795  865.978  
188.004  155.151  
223.814  153.391  
873.57  687.242  
148.159  418.162  
261.927  154.166  
559.94  155.541  
870.48  280.652  
876.235  571.799  
151.62  555.059  
876.045  238.62  
141.675  382.811  
510.42  873.623  
823.529  879.369  
348.231  872.991  
148.554  266.704  
874.143  198.971  
887.125  325.186  
648.085  874.552  
598.889  875.114  
309.394  878.283  
150.221  153.865  
516.953  133.431  
604.444  146.307  
145.456  873.249  
885.297  484.462  
143.907  650.435  
458.519  131.427  
895.953  797.815  
