521.534  525.708  
535.279  494.661  
483.092  519.677  
478.207  492.513  
502.591  550.053  
545.751  550.304  
471.96  550.642  
495.073  461.761  
544.878  460.418  
573.517  527.423  
520.664  575.884  
441.147  469.469  
442.394  534.879  
573.202  577.267  
592.792  492.143  
582.361  449.198  
473.984  578.471  
458.882  425.875  
514.547  426.418  
428.306  600.578  
411.946  509.967  
559.082  414.876  
526.892  607.054  
405.442  563.469  
408.984  423.906  
613.777  586.554  
473.598  604.896  
623.46  538.452  
615.479  396.605  
625.046  449.346  
563.209  631.258  
482.951  390.586  
397.951  471.715  
602.01  634.498  
477.485  635.27  
643.934  495.107  
372.878  602.041  
423.175  372.835  
534.012  372.952  
587.04  367.789  
432.828  645.343  
370.869  534.088  
379.67  652.774  
651.961  637.451  
521.961  653.715  
374.192  384.119  
651.656  418.086  
666.136  581.954  
363.63  466.46  
356.343  432.998  
674.896  373.029  
343.684  496.413  
470.34  350.389  
642.384  339.674  
614.199  680.075  
682.085  473.002  
689.058  520.355  
481.537  684.072  
561.221  691.003  
428.19  682.962  
512.435  327.072  
687.394  406.889  
693.45  439.775  
692.929  668.082  
335.69  347.555  
327.443  553.11  
376.358  338.033  
330.485  667.129  
331.913  413.654  
562.098  321.433  
321.784  610.329  
328.604  381.538  
433.754  322.314  
677.896  706.59  
362.414  711.959  
710.75  346.617  
717.107  557.518  
713.229  630.211  
692.634  310.956  
518.925  719.552  
408.576  712.191  
637.412  721.104  
601.221  296.026  
306.686  486.19  
388.742  304.979  
293.586  452.801  
331.895  308.52  
300.326  697.365  
475.998  296.658  
728.163  387.869  
728.251  707.007  
464.061  737.251  
591.041  736.385  
297.981  364.711  
725.388  478.317  
729.073  423.084  
284.079  521.602  
297.553  412.736  
289.931  323.25  
652.238  287.072  
317.616  740.972  
747.365  600.608  
276.875  629.098  
275.451  569.243  
745.771  308.828  
411.137  276.587  
353.947  272.924  
519.504  272.432  
715.457  276.08  
744.976  355.612  
300.052  266.782  
766.713  506.291  
673.579  756.596  
403.4  750.937  
269.804  739.464  
444.174  261.319  
735.303  759.761  
264.973  682.369  
261.836  294.576  
762.15  464.577  
763.189  645.834  
771.123  685.074  
530.837  769.641  
264.014  405.304  
763.894  429.923  
769.008  550.613  
755.947  264.259  
362.923  771.111  
547.235  240.246  
257.875  364.86  
686.128  248.57  
588.988  244.699  
245.454  482.24  
778.244  729.541  
430.022  780.612  
777.251  390.156  
241.638  442.816  
249.496  262.16  
776.664  345.962  
636.514  241.804  
470.183  238.757  
242.078  329.029  
594.716  783.768  
785.828  279.594  
397.324  234.798  
730.349  242.628  
231.411  587.637  
233.713  528.536  
320.18  790.349  
274.89  792.121  
230.981  641.63  
469.103  796.833  
648.572  800.267  
797.036  771.662  
342.652  225.405  
799.507  320.079  
791.951  604.092  
708.699  810.075  
223.746  787.653  
772.767  231.501  
231.846  737.007  
231.941  685.128  
240.991  233.177  
763.868  810.382  
221.64  404.743  
296.352  215.528  
807.391  420.973  
802.202  649.324  
502.321  818.072  
811.777  467.922  
386.198  817.587  
507.895  204.106  
218.072  285.168  
817.123  570.537  
821.15  521.039  
207.567  364.287  
819.754  247.673  
821.302  366.619  
724.74  213.716  
817.968  691.169  
687.389  205.673  
823.314  210.535  
544.529  832.07  
647.881  199.487  
198.979  699.037  
200.763  319.415  
254.83  197.528  
242.567  829.04  
791.226  196.82  
825.713  294.312  
826.043  821.68  
340.787  835.776  
194.049  754.602  
414.003  194.568  
828.002  727.9  
201.331  234.165  
462.769  200.94  
600.404  192.371  
429.799  832.408  
196.797  476.743  
211.081  192.74  
376.922  187.327  
593.197  836.013  
553.172  189.275  
748.123  192.808  
185.275  543.485  
182.624  426.385  
186.493  637.292  
193.22  837.037  
189.443  592.39  
845.301  799.467  
292.774  845.339  
841.814  612.548  
799.997  848.4  
837.957  652.746  
657.702  844.255  
172.82  504.866  
184.45  277.075  
842.885  768.617  
438.007  169.94  
860.765  333.265  
850.345  420.308  
168.925  789.567  
312.683  161.107  
858.629  479.296  
475.055  863.082  
163.659  668.554  
354.971  155.556  
722.618  162.21  
855.64  192.647  
860.195  277.109  
160.781  723.678  
165.376  331.506  
861.662  555.796  
752.271  870.881  
163.91  379.093  
179.712  169.146  
775.291  164.631  
698.287  871.873  
166.232  237.418  
270.91  157.705  
153.08  196.668  
625.16  156.222  
681.508  159.788  
867.982  691.435  
864.419  742.261  
864.124  854.018  
473.611  152.82  
829.197  149.307  
624.904  876.861  
364.88  872.297  
880.917  387.066  
417.084  877.194  
879.419  231.698  
147.861  578.81  
229.565  146.803  
235.554  875.631  
