529.485  496.002  
489.124  519.835  
516.647  534.75  
479.056  489.168  
545.163  547.631  
507.005  550.302  
485.129  557.635  
549.093  461.105  
487.064  468.121  
521.052  568.965  
445.729  535.708  
564.687  542.483  
511.877  434.863  
447.399  475.172  
475.586  581.82  
466.054  435.411  
577.393  455.783  
595.977  492.297  
578.307  566.955  
441.303  595.254  
524.825  596.419  
414.403  508.628  
548.484  421.629  
615.795  533.29  
600.94  578.228  
410.973  423.575  
610.455  402.758  
467.348  600.059  
401.567  571.108  
618.293  446.354  
399.037  479.14  
582.238  385.397  
559.584  636.731  
383.016  601.21  
471.438  626.382  
593.415  638.198  
378.301  535.709  
523.758  645.776  
484.121  385.677  
653.978  579.828  
534.873  379.018  
642.143  496.858  
438.733  652.224  
377.897  649.09  
649.182  651.651  
372.885  380.356  
654.466  422.489  
419.367  362.691  
366.852  469.115  
472.532  353.973  
658.174  337.295  
350.904  437.595  
619.597  686.249  
490.313  683.052  
686.861  510.718  
421.723  682.424  
565.375  325.406  
695.058  384.602  
326.758  411.347  
697.817  471.083  
321.18  610.53  
565.234  692.532  
329.61  676.916  
338.664  344.498  
340.33  486.735  
687.742  412.413  
326.373  543.826  
720.178  637.23  
500.605  329.685  
694.6  671.845  
431.376  327.138  
367.764  330.667  
697.018  435.961  
324.463  375.59  
667.537  707.499  
408.39  708.828  
372.102  717.039  
605.04  291.706  
390.172  303.576  
643.091  711.689  
461.33  731.56  
718.158  354.903  
726.054  557.069  
336.181  313.755  
510.423  717.044  
310.939  479.923  
597.126  728.378  
704.419  300.567  
721.881  707.782  
297.767  699.97  
289.952  450.229  
297.175  329.872  
480.716  302.256  
299.753  364.599  
722.603  462.95  
731.582  417.787  
351.596  283.505  
651.707  279.056  
729.76  396.514  
752.849  611.786  
300.237  277.423  
311.513  742.118  
414.815  276.487  
288.196  528.825  
291.098  409.174  
530.029  765.646  
508.35  266.956  
747.055  296.174  
664.64  754.282  
405.55  750.609  
747.352  462.193  
740.528  753.91  
263.402  625.49  
358.653  770.351  
772.098  494.665  
444.193  259.179  
746.579  361.367  
264.289  364.969  
756.651  430.933  
265.572  559.495  
263.374  725.878  
256.19  290.385  
717.299  267.465  
273.915  411.831  
235.996  476.491  
252.354  685.045  
789.537  317.644  
583.096  241.955  
771.58  393.973  
545.615  231.568  
772.12  348.491  
431.423  778.4  
240.923  526.452  
782.058  722.181  
598.705  782.668  
320.98  783.308  
696.434  248.838  
788.101  688.03  
234.209  586.688  
753.112  255.515  
252.594  430.574  
240.468  330.255  
774.277  552.106  
736.612  245.216  
228.519  738.889  
228.686  657.411  
704.563  803.403  
231.209  406.196  
352.5  229.044  
782.421  269.159  
786.441  644.269  
276.467  804.869  
641.204  237.329  
463.529  233.075  
794.732  424.338  
774.432  238.187  
289.77  223.043  
792.276  606.831  
770.439  805.581  
799.392  766.765  
230.916  257.183  
401.002  227.976  
235.188  675.416  
228.723  237.618  
808.368  671.032  
811.788  360.977  
813.661  527.18  
658.612  803.363  
812.271  574.667  
232.777  823.391  
202.971  761.806  
212.36  785.973  
816.115  461.55  
495.65  825.19  
244.322  202.145  
691.306  209.837  
454.421  810.387  
207.977  366.277  
800.362  657.221  
213.786  277.582  
816.235  282.114  
735.254  218.274  
808.275  246.275  
205.415  317.506  
818.439  218.078  
391.191  824.284  
507.027  200.485  
205.048  692.932  
604.661  189.933  
537.358  831.396  
783.972  201.159  
379.061  191.719  
431.02  829.026  
347.003  836.143  
189.987  639.542  
196.028  491.264  
411.671  196.566  
463.617  206.559  
823.332  654.054  
832.214  733.363  
830.494  813.27  
647  202.134  
191.547  592.882  
183.195  422.329  
747.664  195.882  
838.652  625.356  
197.463  829.284  
205.08  191.592  
839.57  795.548  
599.974  838.283  
179.874  539.992  
180.77  508.224  
198.951  237.283  
162.788  573.931  
553.097  187.169  
852.689  415.416  
654.287  847.742  
446.632  179.883  
346.2  165.094  
854.124  482.906  
859.118  692.108  
755.805  872.125  
845.54  772.49  
817.681  841.477  
292.946  851.02  
174.294  791.832  
187.712  276.692  
470.494  861.819  
476.989  163.823  
829.662  154.516  
161.167  731.563  
852.469  275.089  
309.281  155.198  
859.342  197.532  
860.931  563.149  
635.498  163.755  
717.869  163.99  
863.283  340.221  
416.161  869.86  
157.861  662.454  
686.855  872.172  
169.349  240.204  
182.291  171.761  
161.236  285.504  
684.957  159.412  
761.999  168.921  
159.008  370.919  
157.365  852.004  
163.466  320.749  
269.136  154.253  
839.234  869.584  
414.626  141.999  
153.97  202.709  
887.042  393.076  
554.774  146.404  
866.071  744.378  
884.338  222.166  
