525.623  510.886  
474.988  503.142  
501.625  471.116  
518.457  551.911  
479.968  570.573  
559.192  473.227  
566.014  545.233  
566.307  504.059  
440.013  536.523  
538.868  448.883  
464.931  433.724  
430.806  475.879  
567.626  583.601  
591.446  449.656  
527.446  596.13  
512.11  428.222  
432.641  597.183  
566.407  420.332  
611.955  510.1  
419.948  413.765  
618.194  565.392  
593.95  611.904  
490.867  624.402  
390.423  572.45  
626.553  461.986  
551.874  626.791  
587.924  384.169  
487.241  390.555  
630.128  390.987  
537.523  387.857  
378.486  519.751  
386.416  466.155  
626.059  637.498  
456.845  650.414  
419.747  638.511  
660.259  607.258  
363.981  632.734  
445.183  363.446  
658.024  442.879  
373.259  414.686  
660.21  534.148  
537.396  656.951  
399.074  355.427  
585.414  666.721  
408.659  668.333  
347.279  378.58  
671.893  372.547  
670.001  673.166  
693.582  486.874  
528.827  342.051  
488.615  683.777  
484.45  342.243  
571.727  337.17  
334.2  569.358  
335.244  479.819  
695.6  420.745  
620.783  695.231  
625.816  331.565  
388.125  697.479  
524.018  695.423  
338.837  695.277  
327.055  427.127  
362.933  319.72  
699.541  596.503  
445.634  701.805  
690.881  337.166  
319.845  342.443  
555.226  709.24  
709.086  543.767  
433.728  305.81  
727.394  649.884  
303.285  638.292  
294.782  515.718  
720.175  707.944  
720.171  365.823  
503.611  301.479  
648.852  293.773  
299.841  382.253  
693.144  306.221  
581.305  735.859  
306.52  299.031  
654.906  734.592  
736.376  450.786  
572.788  296.095  
309.308  735.156  
290.406  442.013  
491.687  741.03  
434.431  737.194  
742.055  409.703  
739.886  592.888  
278.691  576.414  
386.904  275.545  
383.117  740.452  
272.244  687.087  
751.498  518.74  
746.108  326.317  
696.413  754.719  
733.129  272.326  
752.062  378.094  
751.573  485.243  
619.227  270.444  
275.095  335.352  
613.383  762.875  
479.559  266.162  
336.362  259.483  
525.036  263.023  
698.91  268.592  
259.849  475.583  
538.012  766.361  
763.584  559.066  
750.051  762.555  
361.3  771.406  
253.818  409.555  
265.326  275.401  
267.998  764.149  
587.599  257.368  
260.887  377.222  
440.118  248.878  
666.361  255.135  
774.07  288.667  
555.753  249.087  
783.844  698.352  
244.526  726.594  
423.56  774.788  
244.461  631.917  
775.568  426.241  
239.522  309.42  
284.475  242.559  
239.831  542.879  
243.619  442.39  
786.154  643.426  
472.612  790.224  
793.64  597.848  
237.953  504.647  
769.181  241.288  
786.462  372.344  
659.361  791.373  
305.558  798.736  
224.779  591.532  
785.771  330.682  
229.049  355.043  
797.754  474.862  
583.501  803.704  
227.232  243.941  
383.139  227.818  
800.098  537.605  
611.222  228.097  
804.036  760.308  
706.879  808.197  
224.725  680.457  
653.032  226.278  
724.325  218.36  
348.344  813.492  
484.953  221.366  
217.403  761.276  
685.775  210.354  
211.885  804.449  
796.185  810.952  
323.163  211.161  
814.587  263.086  
807.607  434.749  
263.503  818.112  
206.504  278.353  
523.049  208.798  
817.825  395.097  
410.105  818.811  
530.475  818.491  
632.499  820.856  
806.072  219.503  
205.467  650.32  
419.683  204.504  
197.731  395.585  
559.592  208.673  
818.141  309.862  
817.568  349.146  
206.391  712.617  
204.163  451.535  
241.347  196.994  
753.928  828.396  
280.733  200.636  
837.783  509.386  
201.225  551.771  
595.01  193.272  
196.615  204.135  
453.085  195.565  
766.679  200.034  
191.62  329.254  
198.395  501.744  
638.881  192.712  
841.084  714.582  
846.248  569.655  
842.179  649.187  
477.523  838.177  
357.947  175.433  
835.764  211.093  
222.64  848.04  
182.743  732.043  
172.929  631.861  
838.611  831.729  
844.548  423.643  
394.254  172.655  
179.055  684.096  
846.728  273.637  
682.868  857.015  
171.31  573.027  
491.155  174.932  
848.45  365.687  
856.988  462.682  
579.558  850.683  
169.946  762.379  
706.157  168.468  
860.519  768.941  
154.106  599.94  
807.787  166.312  
310.728  865.184  
172.212  805.138  
165.286  533.181  
358.308  861.303  
164.392  272.261  
757.472  168.221  
808.388  862.938  
321.878  161.553  
560.501  167.032  
845.274  168.022  
854.84  313.232  
729.52  864.606  
444.275  868.963  
163.576  462.603  
661.801  156.925  
637.511  859.471  
144.88  847.259  
867.937  811.779  
401.303  866.808  
156.067  217.557  
519.479  869.81  
276.487  154.821  
147.004  424.078  
441.412  159.825  
518.877  147.672  
880.113  236.612  
883.121  603.494  
614.175  153.877  
202.769  153.178  
864.652  200.406  
157.255  149.705  
146.832  503.176  
147.783  383.442  
269.506  885.582  
148.655  717.86  
147.321  332.363  
164.537  887.711  
884.171  404.403  
881.114  336.66  
147.042  674.069  
865.462  880.415  
764.438  885.396  
560.986  880.169  
