540.512  516.38  
496.265  495.766  
532.763  498.72  
529.784  536.471  
459.631  528.807  
552.644  482.349  
523.611  572.76  
541.425  437.54  
557.037  558.315  
451.787  494.549  
486.066  451.092  
471.273  563.065  
449.056  454.698  
576.815  544.041  
589.928  495.164  
592.962  527.206  
439.266  559.565  
597.368  576.839  
463.213  599.547  
607.933  448.728  
488.373  622.769  
584.925  615.303  
527.752  617.62  
401.331  590.771  
431.818  414.225  
444.976  407.4  
621.223  551.76  
451.683  406.842  
486.514  405.916  
406.965  545.167  
397.466  466.833  
621.937  421.569  
407.955  395.106  
429.992  630.645  
640.684  504.845  
607.608  402.414  
624.766  613.623  
365.457  620.67  
661.676  460.157  
584.804  356.008  
653.242  611.861  
627.684  374.112  
540.311  331.784  
539.714  668.964  
364.392  541.446  
361.632  427.809  
568.529  677.294  
456.251  662.65  
364.881  385.17  
477.41  365.808  
662.609  667.324  
676.465  547.444  
504.932  675.871  
372.535  665.557  
438.156  362.571  
668.802  387.406  
614.561  695.418  
389.791  348.461  
421.652  653.889  
491.805  332.981  
342.141  471.434  
425.723  344.807  
427.395  678.678  
326.179  348.345  
681.318  325.377  
627.336  339.402  
713.808  597.378  
466.465  704.476  
639.835  333.954  
657.812  313.401  
330.278  548.001  
348.351  711.886  
703.512  357.809  
408.023  708.607  
328.249  395.111  
319.576  432.629  
706.562  459.775  
706.998  684.229  
309.344  504.9  
439.265  317.46  
722.127  403.247  
598.41  310.015  
300.825  594.991  
718.806  648.47  
284.873  646.131  
400.028  295.909  
534.001  726.855  
721.526  708.16  
313.267  304.181  
343.499  284.39  
755.695  542.543  
635.442  284.211  
743.714  310.124  
272.201  477.1  
498.286  301.909  
276.858  446.843  
313  746.473  
269.822  706.579  
476.604  289.207  
587.516  752.315  
713.829  270.235  
271.29  377.38  
737.75  349.622  
451.476  740.685  
248.524  556.012  
740.194  461.585  
762.015  487.305  
738.649  743.166  
677.119  782.073  
284.411  527.773  
288.045  296.449  
365.267  260.541  
768.68  387.753  
562.434  250.691  
707.802  783.197  
654.306  786.154  
449.897  267.858  
511.359  769.706  
610.929  240.209  
258.166  511.44  
279.393  761.696  
509.782  262.758  
757.229  637.609  
411.868  789.31  
307.698  276.563  
256.723  289.74  
476.473  260.529  
315.533  259.335  
364.388  771.454  
771.891  436.899  
764.839  672.842  
240.193  590.513  
772.956  338.131  
441.809  769.938  
481.676  787.288  
273.779  254.196  
441.347  246.322  
363.205  230.757  
782.412  254.049  
613.723  807.361  
798.234  680.873  
781.356  704.028  
254.933  781.489  
384.589  225.516  
512.494  230.739  
218.329  406.913  
304.148  229.306  
760.431  802.702  
217.427  332.873  
454.739  805.611  
228.829  617.607  
554.086  799.88  
333.675  797.959  
243.843  228.724  
798.429  730.525  
211.338  673.661  
794.792  641.661  
815.691  750.457  
303.39  790.397  
412.025  220.968  
677.178  211.303  
271.271  227.347  
815.303  558.325  
819.214  784.471  
212.173  480.95  
226.246  773.076  
720.484  216.312  
809.833  484.773  
813.097  337.309  
377.199  807.361  
280.072  812.56  
209.856  716.92  
452.753  217.196  
807.976  426.822  
824.218  710.674  
644.57  831.602  
203.011  266.642  
780.543  208.406  
230.502  810.362  
543.028  200.05  
507.451  810.423  
203.879  616.554  
848.878  600.425  
211.972  196.409  
585.668  843.19  
826.827  249.029  
812.012  825.904  
304.297  830.121  
182.731  751.596  
192.435  808.904  
282.024  192.403  
246.388  847.917  
486.507  180.604  
522.474  829.079  
477.059  842.176  
360.479  160.824  
658.198  157.707  
409.984  178.11  
755.171  173.058  
341.73  842.933  
842.903  646.21  
391.564  829.751  
166.768  520.539  
603.956  179.503  
162.242  210.39  
358.898  853.096  
847.936  209.212  
555.337  845.213  
847.475  465.892  
314.507  861.06  
161.018  359.986  
864.736  681.039  
143.314  554.1  
182.576  637.274  
688.026  855.668  
864.383  422.644  
406.855  856.212  
754.798  861.692  
248.249  153.953  
164.719  317.813  
298.413  164.396  
814.459  161.097  
856.029  844.828  
438.042  870.395  
165.774  606.313  
872.711  172.746  
857.617  349.028  
864.583  525.926  
187.588  873.002  
850.01  163.747  
150.7  450.248  
516.108  858.862  
149.242  421.979  
556.619  153.037  
883.76  314.622  
379.893  854.504  
143.274  393.127  
141.342  787.417  
529.085  146.032  
713.624  149.147  
831.438  877.311  
144.182  477.068  
838.335  143.663  
135.869  728.417  
151.676  267.506  
154.5  150.199  
198.741  150.49  
220.992  156.229  
610.533  870.289  
135.725  687.367  
127.714  670.122  
885.344  261.754  
889.839  728.72  
139.292  655.149  
798.91  139.805  
891.243  792.652  
878.07  235.932  
