511.145  515.185  
481.671  555.181  
550.309  521.08  
482.283  451.077  
533.499  469.152  
556.687  555.636  
448.909  472.379  
444.725  532.601  
561.457  441.591  
413.364  481.556  
587.465  530.048  
578.306  579.893  
522.944  607.918  
604.096  460.043  
496.083  590.301  
435.901  579.851  
420.391  555.338  
523.627  426.534  
465.971  608.042  
579.026  423.089  
409.611  425.429  
409.119  520.435  
556.104  623.564  
626.38  529.892  
585.525  606.806  
454.039  398.624  
396.555  597.899  
593.34  394.7  
483.676  398.342  
411.759  569.482  
424.859  626.978  
645.015  498.491  
552.583  402.223  
614.387  633.023  
634.336  421.781  
657.957  595.188  
535.584  384.024  
634.726  389.92  
485.154  647.775  
373.273  565.323  
370.248  382.627  
527.385  656.138  
433.816  367.749  
368.786  640.105  
367.226  526.19  
509.513  361.269  
351.912  474.812  
663.967  450.807  
383.247  672.642  
591.204  672.76  
431.117  665.556  
669.029  645.857  
639.349  356.513  
632.806  668.812  
334.084  615.34  
484.693  340.255  
392.825  347.356  
671.468  399.645  
588.174  342.026  
658.735  676.097  
555.611  340.097  
531.703  347.559  
325.311  417.638  
689.383  495.354  
467.255  687.377  
338.065  674.955  
693.34  424.065  
560.226  710.414  
507.971  685.288  
690.244  352.122  
706.124  569.275  
322.876  650.054  
328.261  331.613  
710.747  660.684  
303.917  575.01  
443.948  322.409  
318.414  519.022  
712.991  386.924  
644.789  697.934  
295.614  383.348  
315.322  363.327  
698.755  708.695  
378.165  319.272  
346.028  708.217  
406.143  718.938  
682.547  304.878  
527.887  305.791  
635.017  307.401  
727.618  443.071  
727.735  338.708  
502.79  719.938  
367.758  737.112  
295.96  698.839  
583.591  290.581  
464.665  718.784  
743.187  534.486  
605.892  743.922  
292.588  474.939  
423.916  283.766  
362.052  294.858  
645.176  718.715  
393.643  291.986  
754.44  617.882  
433.276  748.542  
745.325  303.365  
730.56  488.443  
323.183  287.697  
474.471  271.373  
291.716  332.765  
271.253  452.907  
285  425.059  
752.698  719.996  
275.054  281.334  
510.421  765.28  
346.278  262.42  
653.474  274.184  
764.422  405.841  
269.472  516.818  
291.041  366.317  
618.874  273.074  
648.556  746.173  
325.746  758.157  
687.632  752.92  
277.403  364.212  
258.975  649.555  
293.254  756.572  
548.13  760.16  
758.135  577.368  
734.639  262.928  
468.63  776.015  
263.653  298.801  
269.908  346.285  
295.301  244.678  
242.406  611.926  
774.007  349.864  
539.604  250.84  
738.917  761.972  
781.216  477.528  
253.441  323.379  
686.216  261.305  
801.393  655.409  
243.457  711.371  
381.68  248.878  
263.849  408.987  
392.081  775.88  
235.551  556.233  
348.229  785.088  
229.306  752.583  
777.144  282.697  
702.806  789.891  
235.912  365.887  
600.559  246.855  
249.902  442.184  
282.288  796.408  
647.13  787.043  
553.354  798.199  
230.126  485.049  
241.851  414.711  
659.806  219  
797.183  748.519  
700.882  233.286  
795.68  242.078  
787.027  536.601  
749.04  812.877  
412.982  213.194  
732.956  794.578  
228.414  275.284  
233.04  800.334  
622.646  211.845  
419.337  803.108  
777.858  814.822  
224.971  199.01  
745.076  221.069  
525.973  214.915  
605.395  823.412  
465.785  216.062  
831.716  558.151  
221.312  437.328  
205.483  318.962  
823.481  303.561  
805.207  280.205  
818.12  394.47  
834.604  335.174  
198.811  399.214  
325.866  193.355  
817.839  777.563  
205.988  601.162  
361.517  191.108  
200.933  684.752  
209.217  649.944  
354.659  820.602  
591.094  188.701  
502.224  201.856  
825.15  817.031  
280.597  191.623  
817.283  205.137  
179.115  222.261  
710.331  194.749  
193.783  530.623  
182.898  274.876  
201.426  793.71  
654.36  833.011  
480.445  848.327  
431.261  828.992  
187.46  449.042  
867.631  473.364  
705.546  851.184  
855.982  674.65  
282.793  835.246  
440.141  851.823  
400.046  846.273  
764.935  169.278  
165.296  834.519  
162.681  368.361  
866.631  744.151  
161.047  704.2  
169.634  475.861  
471.005  178.935  
542.237  848.912  
176.895  769.989  
224.1  856.891  
166.41  556.402  
545.185  168.709  
857.921  273.037  
148.01  729.832  
184.564  601.331  
854.972  790.394  
564.843  168.824  
821.723  844.096  
499.314  176.411  
164.831  650.317  
524.121  169.114  
371.779  863.872  
318.856  879.119  
151.659  503.002  
860.653  209.453  
854.777  395.766  
165.373  679.163  
876.222  237.094  
344.992  889.054  
432.867  152.257  
828.959  163.527  
184.846  150.532  
692.733  152.98  
181.643  870.931  
405.341  160.371  
797.658  145.231  
154.447  765.191  
779.885  869.69  
836.734  872.131  
158.684  611.139  
731.114  129.401  
368.156  151.957  
596.291  890.872  
880.378  161.309  
289.266  879.437  
129.489  309.783  
