497.584  512.004  
547.974  486.472  
558.645  542.75  
500.69  552.463  
481.316  473.189  
456.515  538.11  
532.105  574.706  
533.486  443.142  
590.456  518.174  
581.722  450.03  
423.33  488.682  
447.755  418.713  
495.524  424.45  
444.343  600.534  
492.132  597.561  
553.349  604.465  
417.234  551.092  
609.068  596.565  
617.238  485.322  
398.768  438.383  
623.967  547.596  
621.641  428.063  
540.288  394.836  
584.064  396.205  
581.584  631.697  
403.723  617.611  
393.809  382.855  
379.509  520.372  
498.132  638.199  
373.482  567.579  
617.209  372.384  
483  367.274  
649.509  460.27  
654.658  634.217  
654.836  508.78  
425.456  660.752  
654.817  596.093  
364.583  607.208  
357.739  472.165  
464.576  665.516  
620.255  671.274  
562.79  669.043  
378.937  658.893  
667.796  384.066  
668.597  563.149  
518.063  676.661  
671.093  424.684  
340.463  422.271  
414.524  340.748  
550.459  344.765  
644.034  341.986  
686.103  536.446  
676.527  668.228  
329.762  637.117  
682.959  470.303  
320.058  365.222  
338.064  512.63  
336.433  685.983  
328.48  552.404  
339.252  317.869  
594.571  317.221  
701.988  358.367  
696.686  507.751  
315.443  593.292  
391.248  702.147  
514.628  308.63  
706.644  586.904  
462.533  308.694  
672.615  316.478  
716.993  624.039  
589.339  717.372  
706.673  686.098  
459.923  706.725  
712.877  324.812  
718.949  398.384  
658.99  729.801  
719.782  443.017  
529.935  715.199  
304.243  487.707  
714.588  480.399  
391.392  296.062  
421.191  731.726  
729.002  560.627  
356.281  728.238  
298.638  531.183  
287.449  458.266  
637.933  297.267  
290.895  729.136  
282.326  666.112  
287.043  411.532  
732.949  522.004  
733.823  722  
486.424  743.895  
695.687  292.389  
562.582  279.761  
290.464  277.274  
721.883  289.483  
744.747  348.378  
271.652  566.081  
434.498  270.024  
335.691  752.25  
746.292  486.959  
761.53  651.035  
259.575  615.949  
754.8  690.331  
751.994  304.467  
253.714  346.941  
621.133  766.105  
535.091  758.259  
619.515  267.75  
675.378  270.884  
266.139  514.556  
729.34  760.434  
766.001  404.587  
486.547  253.787  
763.896  439.595  
400.951  767.186  
376.766  252.85  
578.932  767.527  
776.157  610.293  
445.486  771.932  
325.732  242.612  
765.629  551.843  
765.576  267.662  
532.468  247.933  
235.056  296.272  
780.557  369.727  
243.758  702.537  
726.707  257.767  
590.59  246.89  
776.346  469.094  
250.72  767.093  
651.473  247.28  
367.733  785.641  
250.2  464.466  
237.75  403.92  
780.314  503.844  
326.018  784.626  
289.942  787.207  
702.635  238.185  
786.524  331.576  
695.41  804.506  
235.736  236.885  
233.144  529.504  
805.595  748.35  
479.321  794.893  
647.742  805.107  
427.927  235.33  
752.236  809.358  
518.77  803.376  
680.941  225.891  
801.123  532.318  
801.762  690.49  
813.41  793.529  
809.918  580.547  
805.387  294.429  
215.934  495.956  
804.216  257.023  
218.472  563.655  
784.24  215.494  
619.391  222.713  
563.862  803.905  
205.453  647.785  
734.656  215.863  
574.98  212.919  
420.493  809.191  
457.103  211.346  
201.488  741.741  
211.57  450.973  
811.144  445.722  
208.284  795.729  
812.987  483.411  
200.178  602.927  
367.802  209.271  
600.208  822.035  
279.693  191.438  
818.504  402.703  
254.088  817.313  
501.219  203.964  
390.944  823.813  
411.907  204.654  
649.147  207.586  
192.823  370.496  
539.34  204.352  
195.016  691.921  
836.243  640.169  
452.087  825.41  
316.331  825.488  
827.445  326.245  
829.526  219.909  
838.235  369.872  
357.139  837.43  
328.658  181.581  
196.538  185.398  
837.671  501.729  
675.351  187.209  
800.688  839.858  
173.543  318.821  
845.322  552.722  
552.429  842.722  
172.241  432.225  
184.956  241.921  
617.63  185.231  
483.743  851.336  
761.562  177.372  
177.192  546.081  
846.206  281.294  
192.951  849.26  
854.237  702.466  
477.052  175.103  
715.011  166.455  
849.013  831.493  
851.642  434.171  
676.661  853.957  
395.808  175.639  
169.94  489.972  
517.332  854.227  
817.05  162.96  
632.598  854.455  
258.778  849.097  
435.651  168.097  
223.14  151.312  
571.792  168.967  
859.478  245.206  
433.622  858.865  
867.664  186.955  
869.874  600.933  
531.677  161.2  
747.774  860.566  
160.993  791.105  
363.86  153.48  
872.731  762.704  
708.415  879.404  
288.267  875.783  
155.585  594.316  
151.999  257.597  
869.104  331.914  
576.471  873.207  
389.471  869.575  
324.131  870.688  
883.35  804.016  
608.026  873.994  
885.013  462.001  
147.035  642.947  
633.642  149.905  
872.917  507.341  
139.986  739.469  
147.034  693.843  
141.788  209.263  
597.888  145.468  
872.844  867.374  
823.489  881.768  
134.888  392.784  
148.71  152.284  
270.673  137.883  
140.521  525.28  
675.541  144.138  
