542.175  526.963  
481.124  484.683  
520.965  488.322  
451.709  506.904  
519.681  566.871  
494.096  573.257  
479.689  555.477  
553.514  484.733  
536.829  442.388  
454.388  564.389  
601.148  593.992  
462.098  427.864  
583.289  531.776  
541.677  604.147  
594.298  478.26  
605.458  506.407  
419.366  531.212  
620.728  443.801  
452.9  613.218  
413.27  589.023  
603.346  409.102  
628.372  547.695  
383.813  469.766  
477.249  636.993  
395.868  399.583  
559.965  388.888  
442.166  401.009  
516.387  640.208  
577.399  648.642  
385.856  632.994  
646.866  498.236  
360.439  558.217  
652.339  468.823  
471.119  382.974  
682.115  626.487  
649.209  373.867  
648.567  454.5  
672.402  438.284  
369.427  340.963  
470.698  344.607  
615.502  705.838  
558.721  356.636  
653.896  697.633  
413.638  363.763  
358.625  667.479  
502.532  671.728  
432.195  704.771  
695.531  552.46  
328.656  375.237  
327.668  517.396  
681.952  498.2  
705.287  406.826  
611.013  327.019  
346.663  458.651  
414.659  327.216  
652.302  337.193  
384.695  716.801  
561.39  696.272  
486.747  720.209  
507.692  302.739  
307.057  629.395  
710.46  353.868  
709.899  716.637  
305.629  703.682  
569.34  304.963  
302.998  466.396  
671.76  293.971  
723.671  471.918  
310.86  312.419  
727.092  302.822  
279.058  409.523  
744.375  665.615  
278.7  550.276  
338.252  740.494  
345.609  262.328  
402.818  284.633  
376.383  258.789  
574.583  735.569  
543.487  752.545  
459.973  258.877  
755.339  602.373  
613.071  282.427  
641.011  266.297  
722.756  265.809  
744.472  527.635  
750.401  319.873  
276.15  316.26  
262.479  359.892  
657.669  765.053  
291.788  287.391  
755.79  556.103  
315.233  249.176  
756.109  384.642  
764.269  490.939  
600.643  773.731  
302.744  749.461  
771.124  339.857  
271.557  746.237  
535.889  256.492  
245.135  661.451  
776.293  429.22  
747.602  773.007  
780.094  743.228  
274.883  258.943  
245.416  323.468  
701.159  771.897  
594.524  253.539  
427.785  772.581  
772.479  282.884  
396.075  781.251  
339.983  775.706  
246.269  278.089  
236.72  418.377  
799.067  701.869  
451.729  797.341  
360.169  781.219  
247.518  729.935  
495.774  789.803  
622.589  253.601  
695.157  241.918  
227.865  477.69  
317.445  773.392  
301.065  770.024  
243.284  781.34  
287.525  806.777  
788.265  645.463  
426.204  214.021  
538.163  814.927  
804.324  580.648  
232.076  722.622  
576.686  216.061  
804.04  520.022  
225.689  558.661  
803.778  244.137  
211.879  440.287  
645.818  228.77  
228.055  242.27  
256.425  232.453  
747.665  218.162  
770.298  211.347  
806.832  360.85  
495.998  215.231  
288.294  220.705  
611.905  216.425  
830.321  469.324  
822.609  776.627  
808.393  632.176  
205.383  707.264  
818.622  294.135  
725.803  198.01  
749.552  808.981  
537.847  213.111  
682.658  214.287  
813.286  402.563  
340.335  826.99  
831.298  671.485  
702.104  828.716  
194.055  352.462  
211.747  278.229  
658.315  825.968  
202.43  756.617  
192.855  312.341  
227.572  829.732  
164.193  598.992  
211.107  222.625  
356.982  192.089  
830.786  615.849  
378.954  196.094  
168.791  636.899  
821.82  207.511  
612.684  833.239  
572.143  847.87  
799.881  185.942  
247.689  187.746  
191.32  403.279  
276.542  200.124  
814.706  833.264  
389.05  845.467  
170.171  805.885  
839.746  426.06  
219.621  183.034  
699.038  189.74  
425.977  844.693  
180.917  507.832  
191.129  241.685  
326.799  167.848  
397.879  182.423  
635.65  198.199  
170.008  678.782  
762.54  847.71  
848.969  544.418  
835.018  381.751  
183.404  209.154  
666.552  168.67  
494.297  841.629  
189.795  270.881  
511.121  179.786  
851.771  338.609  
178.83  554.06  
173.853  477.923  
845.218  251.417  
660.972  863.737  
453.236  861.719  
868.724  716.858  
571.471  159.199  
287.675  157.142  
169.333  759.814  
849.778  184.813  
859.614  799.049  
175.377  251.581  
186.758  163.145  
860.852  822.044  
167.39  852.771  
158.774  430.378  
155.504  385.847  
478.848  148.895  
861.553  222.92  
626.302  160.772  
142.623  452.616  
156.731  286.91  
758.561  172.011  
860.657  399.371  
443.743  147.513  
858.924  854.155  
413.067  151.603  
877.875  288.735  
846.77  162.141  
876.911  653.618  
280.326  879.941  
871.445  372.589  
868.951  624.321  
887.329  317.09  
887.082  597.674  
219.228  861.454  
151.87  256.917  
699.215  140.997  
788.174  869.083  
894.411  768.235  
479.813  875.918  
153.184  207.35  
614.863  869.768  
885.944  446.436  
787.027  141.156  
515.304  879.484  
143.136  533.258  
742.379  142.631  
144.11  748.913  
150.075  171.232  
381.705  148.321  
819.5  143.157  
345.041  891.96  
904.009  515.32  
732.389  883.981  
879.449  197.714  
128.732  327.759  
255.763  135.152  
119.581  700.15  
