527.357  503.394  
482.789  542.271  
464.601  486.184  
531.158  569.039  
574.587  481.101  
582.64  545.532  
496.083  432.227  
562.299  428.712  
473.077  593.474  
427.388  551.054  
419.427  446.19  
561.16  605.074  
602.691  590.747  
416.698  599.412  
408.21  501.991  
619.301  512.987  
621.66  442.385  
514.029  625.267  
422.019  399.182  
448.468  630.889  
461.43  375.696  
598.824  637.542  
639.838  578.076  
640.025  389.496  
518.392  371.744  
568.061  377.381  
385.02  639.775  
639.169  643.053  
371.642  559.451  
480.827  656.802  
417.774  653.456  
663.842  484.718  
365.93  412.781  
557.694  654.859  
372.19  596.61  
363.633  518.119  
362.695  465.41  
384.637  363.672  
617.83  354.012  
664.897  532.669  
678.311  594.896  
678.424  442.204  
520.398  681.302  
448.856  679.701  
349.448  640.841  
361.601  685.75  
694.796  627.418  
426.857  333.765  
486.869  331.409  
641.924  686.737  
686.871  388.091  
694.423  662.896  
399.838  690.428  
336.958  608.962  
329.717  367.481  
578.127  696.825  
699.225  344.965  
705.232  561.969  
351.792  321.063  
323.895  544.382  
537.382  319.959  
591.403  317.682  
317.726  578.017  
320.467  672.341  
321.946  508.834  
481.678  706.632  
315.914  416.255  
648.073  303.468  
391.971  313.694  
317.627  466.861  
431.506  709.856  
715.176  523.436  
701.719  711.3  
718.586  427.329  
725.382  480.077  
676.795  725.754  
447.197  296.408  
723.018  689.999  
328.301  721.702  
307.989  624.986  
292.516  330.182  
599.497  732.631  
529.003  729.731  
707.219  297.32  
642.046  724.474  
380.725  735.334  
325.872  286.182  
739.318  597.934  
565.75  285.909  
746.48  386.914  
284.834  497.708  
487.643  283.034  
279.078  440.891  
279.51  686.789  
433.724  740.323  
283.95  540.827  
270.683  380.831  
294.418  745.834  
274.677  642.496  
275.382  603.381  
756.663  641.151  
724.543  752.256  
482.098  744.676  
526.557  273.486  
757.84  336.821  
756.78  730.48  
261.356  287.028  
391.497  274.483  
267.188  572.154  
613.362  264.456  
761.422  682.113  
757.909  440.642  
553.508  768.288  
757.626  522.187  
696.017  761.185  
775.49  287.931  
770.933  567.489  
685.06  254.531  
642.552  761.409  
292.406  249.646  
254.732  735.793  
341.47  775.169  
744.478  244.416  
251.158  483.702  
440.976  247.415  
573.549  250.813  
674.323  780.877  
450.161  777.528  
345.282  244.034  
396.129  781.415  
604.42  774.533  
248.298  528.574  
778.818  474.542  
497.874  781.661  
755.84  783.586  
642.283  236.662  
274.277  785.77  
790.148  401.68  
233.495  701.781  
241.377  445.707  
229.174  327.015  
232.92  662.366  
486.479  237.393  
225.084  415.139  
792.235  507.388  
231.842  618.382  
240.243  227.232  
526.586  236.549  
396.219  234.344  
801.768  623.297  
797.693  234.018  
801.936  722.427  
803.581  771.208  
229.461  574.648  
217.828  369.199  
713.461  805.422  
218.308  788.156  
809.065  344.048  
802.091  443.735  
211.385  748.667  
717.478  211.981  
649.35  803.999  
586.228  810.165  
811  549.09  
591.972  214.908  
816.696  672.602  
554.288  209.189  
430.551  815.41  
212.386  518.248  
203.904  276.379  
328.459  815.952  
208.298  490.985  
781.864  821.099  
503.067  815.971  
825.362  590.499  
202.036  550.621  
373.197  207.871  
548.612  822.722  
673.111  204.397  
294.541  205.986  
625.779  823.315  
200.926  461.108  
467.636  195.571  
378.599  834.344  
230.49  825.589  
422.818  196.57  
621.802  198.924  
835.559  265.767  
336.94  197.091  
834.247  387.64  
830.329  471.393  
679.274  838.433  
276.776  828.867  
514.237  190.369  
776.062  187.604  
831.527  513.153  
836.757  805.931  
188.351  646.91  
188.575  598.993  
847.452  308.843  
192.981  697.35  
823.394  192.944  
214.043  177.648  
836.804  431.769  
185.898  401.857  
451.79  846.366  
185.275  826.916  
170.888  232.865  
727.794  850.097  
646.168  174.637  
852.179  762.285  
818.806  853.21  
168.4  440.684  
170.359  321.588  
855.377  715.273  
381.665  177.311  
607.519  853.137  
166.122  730.688  
706.455  170.346  
744.031  161.418  
167.78  780.476  
320.781  852.335  
285.656  165.993  
863.379  213.956  
592.779  166.773  
856.952  556.304  
162.91  364.858  
855.957  843.886  
505.901  854.396  
165.797  513.063  
868.415  614.311  
865.156  354.469  
869.692  663.062  
549.012  158.448  
564.705  866.173  
145.932  186.275  
863.613  486.837  
243.396  867.27  
155.812  548.297  
154.058  477.448  
775.397  870.397  
656.628  871.658  
412.442  880.499  
438.277  151.844  
865.178  163.6  
199.611  868.143  
145.722  681.136  
338.01  156.803  
868.243  418.198  
159.056  859.199  
496.004  148.262  
290.05  874.155  
146.627  585.068  
677.193  146.78  
346.711  880.113  
136.701  274.002  
822.89  149.012  
