533.198  514.351  
482.223  517.119  
488.832  470.762  
528.332  559.732  
531.558  464.925  
558.057  485.209  
469.446  566.184  
455.353  442.84  
582.294  505.325  
564.124  585.622  
597.748  550.131  
432.415  531.249  
427.643  476.796  
599.044  456.992  
550.304  428.527  
501.47  421.653  
482.017  607.686  
417.242  596.621  
622.34  590.338  
412.142  423.685  
540.16  620.882  
576.515  395.88  
621.951  517.959  
583.204  625.506  
392.583  558.822  
620.719  396.962  
454.933  391.853  
389.277  499.445  
515.344  646.84  
646.436  493.585  
411.435  636.177  
516.741  378.651  
646.481  415.392  
644.665  638.14  
648.097  453.774  
610.238  653.067  
369.348  453.715  
398.726  375.806  
371.842  405.417  
472.663  658.076  
673.539  544.139  
351.62  531.825  
348.112  627.791  
569.606  667.058  
425.173  675.286  
346.647  576.723  
368.586  675.453  
680.063  609.533  
431.602  343.532  
629.696  345.178  
680.703  365.201  
472.071  345.238  
344.473  367.254  
573.864  339.085  
341.34  490.161  
650.476  688.233  
676.834  415.643  
339.288  418.918  
686.079  487.87  
386.869  335.367  
689.181  674.378  
520.424  332.517  
551.841  700.144  
504.155  693.392  
606.787  700.056  
700.93  442.186  
345.501  324.537  
326.219  694.285  
456.886  710.547  
718.885  576.467  
308.695  454.88  
706.54  317.963  
304.999  398.353  
723.392  401.84  
661.965  292.391  
410.99  731.42  
727.064  645.069  
300.856  511.063  
295.274  608.153  
299.721  356.309  
370.38  720.968  
306.786  322.778  
471.414  302.522  
720.433  716.06  
288.574  643.075  
721.858  487.293  
400.255  295.363  
600.638  288.221  
670.345  731.988  
293.844  568.994  
733.351  350.213  
727.526  687.158  
287.566  676.537  
742.496  530.317  
515.546  731.282  
549.549  283.54  
437.285  271.776  
296.005  734.819  
306.515  292.208  
354.109  282.952  
508.811  278.605  
740.196  445.172  
330.153  740.019  
614.484  742.88  
564.925  754.12  
759.552  608.587  
727.917  277.718  
469.638  751.08  
264.604  705.175  
717.421  747.237  
263.452  538.21  
267.842  424.944  
261.408  483.761  
269.914  326.483  
766.903  373.699  
368.11  758.693  
279.761  268.768  
261.581  369.576  
771.424  308.675  
760.567  733.288  
261.203  301.014  
766.524  483.484  
260.333  743.547  
314.653  258.475  
760.646  688.073  
630.527  246.484  
778.673  571.313  
440.629  782.134  
474.858  245.439  
779.149  430.124  
664.333  775.047  
512.45  771.83  
761.123  773.595  
781.519  645.115  
393.991  245.269  
242.408  600.356  
246.317  279.175  
770.107  243.235  
310.445  783.141  
236.868  456.339  
266.508  776.992  
343.789  240.484  
576.021  234.271  
677.22  225.982  
236.23  661.385  
720.22  238.548  
247.844  247.108  
716.403  787.529  
401.54  801.335  
616.173  790.471  
526.978  234.442  
353.617  789.08  
228.463  401.929  
792.359  719.18  
278.587  236.162  
803.282  530.129  
222.85  513.115  
218.139  560.072  
228.335  312.433  
799.518  683.115  
227.582  762.758  
220.996  355.109  
224.263  712.491  
802.616  755.963  
525.126  805.66  
570.494  804.631  
472.071  813.37  
812.296  340.649  
808.762  387.47  
424.452  211.432  
815.774  285.52  
810.947  487.848  
243.375  808.209  
301.816  214.991  
778.91  816.174  
214.574  263.399  
204.872  626.147  
368.336  206.768  
282.26  813.082  
212.457  222.175  
457.337  204.399  
821.012  786.52  
244.503  212.654  
501.774  203.235  
201.986  479.219  
201.678  432.446  
819.65  243.867  
825.484  625.765  
671.558  816.728  
814.637  202.983  
204.537  804.964  
627.805  202.668  
826.445  439.066  
829.891  568.307  
544.122  194.498  
332.891  194.069  
730.091  836.532  
354.321  826.315  
719.12  197.518  
262.551  194.678  
771.161  193.848  
191.71  770.753  
630.156  831.363  
590.587  833.241  
193.857  313.388  
835.701  721.642  
299.875  836.812  
188.85  722.875  
181.136  676.374  
841.413  668.457  
398.899  180.653  
182.955  390.505  
580.669  184.793  
546.017  838.385  
824.028  847.283  
181.228  539.456  
195.574  190.902  
414.814  855.219  
206.475  835.332  
850.942  318.521  
854.937  808.524  
507.979  848.221  
167.331  580.475  
851.069  398.071  
175.139  259.339  
246.437  846.294  
168.273  510.923  
168.504  352.905  
295.574  171.552  
475.509  170.98  
669.582  162.871  
857.192  481.851  
170.209  452.06  
858.804  353.386  
867.631  602.547  
463.355  856.953  
319.501  862.939  
842.538  167.896  
678.813  856.288  
223.074  159.851  
605.379  164.455  
865.501  761.474  
162.995  622.827  
736.378  164.208  
872.06  536.14  
164.985  856.407  
154.543  218.043  
860.723  237.621  
609.09  858.655  
642  862.428  
636.817  154.575  
153.822  813.018  
157.574  738.329  
869.304  288.012  
150.493  295.241  
259.711  162.728  
513.739  154.159  
