505.996  508.441  
489.357  542.041  
552.349  506.821  
546.863  551.733  
525.971  463.104  
475.836  466.971  
443.698  501.609  
578.495  467.263  
484.109  576.239  
430.559  546.669  
572.079  585.687  
437.049  585.334  
429.373  449.516  
598.081  522.905  
538.007  601.234  
502.039  423.042  
553.754  417.552  
503.8  609.34  
597.422  416.983  
607.981  582.944  
459.303  401.319  
460.413  614.262  
629.659  439.16  
629.8  480.748  
408.866  403.091  
400.391  613.352  
398.58  510.5  
635.205  549.553  
600.54  628.449  
432.364  641.274  
383.013  574.29  
567.729  642.019  
379.937  465.427  
378.914  428.376  
633.936  390.167  
478.148  643.521  
510.355  379.288  
650.969  625.591  
530.532  647.958  
585.391  373.846  
659.24  511.114  
655.023  588.268  
362.016  536.504  
426.594  364.321  
634.078  662.533  
382.678  360.11  
547.177  354.426  
357.336  627.05  
361.014  494.769  
403.826  668.192  
354.737  383.447  
499.776  671.075  
470.395  350.619  
673.635  378.639  
674.581  440.656  
351.707  676.109  
640.945  349.01  
603.408  686.34  
459.888  683.7  
678.362  678.431  
687.283  554.644  
564.942  681.426  
339.14  574.805  
603.52  331.417  
335.993  435.716  
699.086  494.109  
506.946  327.076  
327.746  468.056  
326.347  401.531  
522.742  701.461  
327.253  330.897  
689.65  331.778  
329.264  505.072  
369.455  323.781  
702.411  605.261  
705.682  646.994  
417.116  323.494  
376.412  705.934  
708.533  399.448  
570.065  312.617  
422.792  715.014  
313.983  537.736  
457.106  312.263  
636.847  716.731  
309.811  668.244  
648.71  315.186  
308.648  626.193  
721.052  353.905  
297.864  370.658  
316.431  719.191  
301.456  583.734  
722.218  446.036  
533.766  297.321  
691.382  733.146  
574.396  726.556  
731.689  529.638  
468.234  728.559  
733.951  576.112  
741.223  691.041  
704.397  296.756  
293.651  416.456  
290.473  494.946  
351.751  742.112  
285.25  455.351  
482.754  284.283  
616.154  286.854  
663.061  286.381  
285.156  320.025  
281.32  704.962  
401.702  278.738  
741.519  310.376  
363.967  285.269  
517.983  748.292  
325.399  276.568  
390.264  747.294  
437.394  278.172  
752.465  486.016  
753.139  740.063  
748.763  639.262  
750.62  388.661  
279.046  535.019  
281.083  266.939  
576.107  273.289  
730.535  269.665  
765.072  424.578  
626.14  765.666  
262.91  753.266  
262.62  610.561  
506.952  261.154  
263.759  663.61  
259.882  568.074  
765.567  343.224  
311.269  761.898  
686.119  261.306  
772.649  596.768  
419.575  772.023  
562.7  773.073  
250.214  356.576  
772.367  543.208  
255.404  414.854  
538.989  254.814  
648.147  249.655  
470.342  778.436  
248.405  513.662  
245.495  474.921  
772.426  271.185  
241.633  304.58  
452.592  244.201  
788.418  451.328  
615.863  244.871  
780.711  306.654  
684.274  788.141  
240.612  711.472  
371.174  241.703  
760.646  240.016  
751.578  783.944  
790.082  372.409  
345.982  790.616  
230.358  642.077  
790.647  647.63  
416.479  230.194  
226.594  255.034  
482.035  226.745  
577.983  242.074  
802.015  702.479  
696.207  233.258  
802.083  506.884  
383.927  798.83  
332.166  228.084  
223.616  540.208  
730.472  228.563  
299.376  801.541  
263.763  797.863  
219.224  442.266  
295.788  215.911  
589.8  810.002  
521.366  810.381  
797.156  252.619  
213.843  380.961  
251.438  212.706  
555.371  222.03  
211.333  781.046  
818.829  752.965  
813.394  557.109  
213.057  609.881  
516.253  215.2  
659.639  215.555  
208.836  675.549  
213.312  571.981  
811.091  814.216  
439.45  818.091  
202.464  736.629  
597.753  213.704  
796.904  215.53  
820.205  394.162  
814.169  289.205  
825.221  338.378  
819.725  604.825  
644.875  829.785  
232.623  824.71  
204.735  501.049  
822.759  463.965  
198.461  210.434  
391.732  199.43  
188.199  334.269  
710.011  836.684  
192.712  288.914  
832.794  665.737  
706.799  201.96  
760.749  197.727  
824.358  241.714  
757.45  827.385  
444.369  188.723  
316.385  831.92  
840.453  426.637  
347.442  188.732  
638.142  186.044  
182.569  414.182  
545.407  193.976  
484.982  852.734  
392.97  834.945  
353.568  841.092  
184.324  836.711  
488.442  179.954  
603.203  185.367  
849.786  197.005  
170.115  458.361  
809.746  179.26  
686.52  177.501  
852.38  490.176  
170.05  692.304  
167.212  638.79  
172.965  543.841  
731.114  173.612  
278.073  856.76  
568.712  168.917  
853.914  302.252  
861.649  532.956  
167.293  590.639  
861.276  634.868  
593.529  852.655  
283.746  163.805  
854.523  253.231  
159.939  242.894  
538.774  868.012  
861.665  578.931  
240.611  162.672  
871.699  782.955  
865.163  839.738  
527.317  161.647  
872.277  710.175  
157.05  786.671  
327.371  152.72  
867.971  373.897  
162.758  500.4  
198.924  162.884  
675.228  870.72  
