502.53  509.198  
551.052  512.119  
527.382  472.834  
485.244  550.786  
543.484  558.773  
485.847  452.944  
450.277  470.204  
452.124  518.62  
562.898  456.536  
500.994  586.204  
447.401  578.515  
589.533  570.539  
591.988  520.109  
520.93  428.325  
421.554  546.998  
605.591  471.093  
591.444  427.536  
528.888  609.014  
450.874  411.023  
462.379  612.945  
404.574  427.247  
596.387  605.754  
565.353  628.707  
404.486  513.792  
403.549  474.279  
559.654  402.835  
404.229  574.157  
422.724  628.932  
489.753  398.119  
388.753  603.434  
640.186  542.125  
634.439  428.567  
641.977  494.646  
622.173  630.428  
595.672  382.843  
632.957  389.085  
484.977  646.111  
535.593  380.853  
651.275  586.275  
373.477  387.998  
371.391  636.697  
435.463  368.183  
537.34  656.523  
366.241  521.634  
670.823  458.093  
356.105  566.215  
496.946  363.683  
355.33  468.084  
396.173  350.532  
629.658  665.414  
587.524  675.11  
677.029  628.845  
427.304  669.429  
671.735  397.352  
642.604  352.614  
384.908  678.296  
341.649  424.302  
671.599  675.367  
560.982  337.071  
463.568  685.715  
689.288  510.598  
514.172  685.992  
340.59  670.795  
525.865  339.939  
480.966  330.004  
597.979  338.329  
328.818  607.515  
686.483  353.06  
339.262  334.485  
698.737  428.429  
329.864  372.811  
703.582  575.642  
375.633  323.477  
321.481  521.386  
563.126  709.136  
443.532  317.34  
310.277  646.69  
628.775  699.755  
705.161  707.024  
342.486  708.41  
636.436  311.773  
407.914  714.903  
723.761  659.805  
303.819  477.452  
295.911  573.82  
687.411  306.081  
724.525  388.471  
301.066  395.039  
509.798  725.563  
397.104  295.245  
738.05  484.761  
646.234  721.682  
524.622  299.442  
296.212  701.627  
298.919  431.265  
732.224  344.39  
464.384  726.435  
740.229  533.693  
296.32  322.037  
738.683  443.154  
577.692  291.338  
370.109  739.1  
297.233  359.257  
318.549  286.713  
356.433  289.148  
750.971  623.837  
738.434  305.9  
598.35  752.16  
692.113  749.243  
431.499  750.803  
430.314  272.446  
482.213  271.384  
324.362  751.223  
618.331  269.211  
271.84  519.839  
271.144  462.674  
553.358  754.185  
747.583  757.693  
278.076  750.612  
654.293  264.841  
759.425  702.853  
277.091  270.189  
772.294  582.619  
265.315  651.98  
644.848  752.5  
254.177  606.844  
267.092  409.146  
266.057  343.008  
260.08  300.273  
767.841  407.225  
264.473  373.277  
738.125  260.678  
538.433  257.446  
690.227  263.984  
387.676  777.688  
775.292  289.231  
508.969  778.045  
249.93  704.092  
240.681  556.092  
388.271  247.275  
467.475  782.914  
343.52  245.128  
781.732  349.189  
588.365  240.673  
245.176  447.445  
291.442  237.17  
343.353  788.73  
798.571  467.993  
804.513  648.632  
228.26  491.742  
234.332  320.457  
799.574  525.925  
457.559  229.726  
802.994  727.593  
229.662  261.153  
643.018  790.397  
705.619  228.351  
798.414  239.712  
696.056  798.479  
420.002  795.21  
289.665  793.467  
228.686  751.796  
235.084  404.888  
738.7  794.891  
242.652  804.041  
224.276  364.549  
781.949  809.93  
556.212  799.186  
500.765  217.431  
417.134  215.544  
755.019  216.108  
816.676  774.149  
661.275  213.979  
601.047  821.255  
213.918  647.445  
626.568  203.626  
813.134  272.094  
810.38  405.403  
542.542  216.331  
211.869  591.961  
215.347  438.25  
232.009  202.902  
204.937  694.959  
823.037  308.326  
199.122  528.267  
324.457  197.648  
367.845  202.168  
834.826  571.683  
442.027  823.843  
199.154  804.44  
276.778  189.849  
349.323  827.07  
808.334  201.575  
833.073  347.291  
829.628  816.461  
487.968  835.681  
194.341  323.691  
589.4  197.703  
190.987  396.104  
742.193  830.359  
656.946  838.928  
535.51  839.913  
400.954  840.8  
177.108  216.547  
714.474  186.519  
848.143  676.564  
285.307  835.456  
185.172  275.401  
185.449  446.029  
186.879  756.598  
459.883  186.451  
171.144  479.656  
401.351  177.241  
547.986  181.992  
231.39  851.391  
169.981  715.326  
861.33  482.027  
708.474  859.273  
183.042  596.08  
762.291  171.208  
849.624  414.401  
159.917  560.203  
494.098  174.154  
522.891  170.436  
160.601  363.339  
849.105  268.062  
864.867  741.959  
573.99  167.248  
680.755  162.294  
832.313  170.742  
817.732  851.477  
161.517  832.85  
858.842  207.159  
167.915  643.769  
195.768  161.605  
434.706  160.823  
182.277  863.439  
155.876  678.985  
770.83  865.117  
320.169  873.44  
883.975  634.882  
446.134  859.24  
560.762  871.008  
875.688  800.983  
372.54  869.379  
878.935  244.305  
361.651  161.079  
876.721  365.86  
848.013  865.898  
155.284  782.207  
150.421  610.152  
150.379  513.279  
617.79  150.358  
624.832  882.027  
592.463  881.861  
144.753  428.417  
156.763  158.98  
