530.338  504.461  
477.779  510.691  
511.029  538.021  
496.105  477.521  
558.192  533.199  
561.625  474.022  
459.944  542.795  
487.569  564.285  
541.589  566.86  
468.412  441.197  
524.183  437.922  
587.385  514.317  
447.955  589.617  
433.813  476.028  
592.603  545.119  
498.634  592.55  
583.168  578.713  
429.869  520.766  
577.169  430.672  
416.19  560.476  
605.954  492.478  
413.023  433.764  
530.678  608.828  
608.749  462.346  
598.549  617.714  
561.741  609.071  
490.219  387.294  
624.393  554.708  
427.192  401.524  
636.286  580.342  
547.746  393.451  
603.763  394.049  
634.912  437.43  
452.472  633.173  
414.08  635.715  
392.484  606.262  
385.681  516.071  
495.73  625.85  
640.392  522.36  
380.049  467.838  
550.576  640.915  
653.758  483.205  
374.605  408.677  
617.348  646.972  
647.001  606.606  
650.926  399.985  
369.053  574.685  
511.139  654.489  
437.907  362.865  
661.513  628.95  
467.402  660.019  
577.121  361.508  
368.713  661.983  
569.744  669.057  
379.494  359.3  
631.315  360.277  
530.655  344.405  
675.765  549.401  
668.732  655.944  
412.765  678.561  
333.969  433.095  
335.353  633.512  
634.97  680.021  
678.392  509.976  
683.276  387.5  
686.756  443.568  
677.156  348.572  
326.188  566.078  
333.795  518.29  
525.542  690.478  
686.19  574.909  
596.884  691.961  
473.674  329.677  
705.451  597.435  
484.087  688.936  
602.882  326.67  
667.261  689.139  
316.592  371.407  
314.803  487.251  
412.73  322.52  
436.891  707.729  
644.836  315.075  
344.35  322.022  
707.662  492.531  
701.553  634.282  
328.855  701.276  
715.748  527.441  
706.528  666.926  
363.741  712.158  
300.712  681.995  
560.868  317.144  
691.098  706.643  
711.859  332.084  
725.076  417.243  
295.114  623.311  
559.558  718.582  
629.161  718.339  
392.753  720.465  
726.977  553.663  
734.922  381.599  
483.72  719.444  
675.335  299.368  
386.601  290.682  
287.199  308.394  
731.744  461.705  
657.087  725.416  
520.164  293.108  
715.38  725.546  
437.871  291.242  
570.739  290.257  
734.169  639.878  
728.736  690.619  
286.256  403.843  
275.663  454.269  
522.733  738.08  
480.017  289.518  
595.295  736.748  
735.241  615.71  
742.252  568.563  
310.386  740.165  
610.47  289.555  
732.24  298.382  
272.432  542.135  
441.777  744.754  
260.499  731.281  
326.904  277.073  
688.436  265.033  
744.905  664.224  
397.49  749.399  
271.508  578.115  
741.213  745.571  
683.029  750.006  
761.304  496.853  
481.118  748.088  
347.691  755.077  
637.527  260.734  
765.742  704.151  
623.753  760.659  
247.485  690.473  
755.64  348.775  
761.47  590.434  
257.592  506.499  
764.922  529.53  
655.047  755.011  
561.96  752.871  
458.245  267.289  
537.301  256.348  
763.403  277.836  
582.716  257.553  
244.823  647.516  
250.319  342.923  
365.913  257.828  
771.485  413.39  
774.73  453.153  
250.789  610.729  
238.293  775.89  
292.042  258.052  
772.123  612.167  
774.757  635.308  
239.312  264.86  
414.95  255.636  
490.639  248.558  
787.539  548.207  
700.635  776.578  
715.748  246.882  
507.698  765.807  
398.831  781.745  
434.367  783.498  
281.189  777.364  
239.923  394.727  
775.752  773.678  
589.423  777.989  
544.075  781.702  
780.38  329.202  
791.317  662.205  
784.687  569.204  
470.694  782.09  
791.688  382.859  
351.964  788.817  
660.67  783.174  
731.677  791.696  
439.862  237.842  
770.383  236.769  
797.499  736.625  
633.869  790.158  
326.252  233.827  
289.734  805.263  
230.617  463.355  
221.079  300.768  
260.949  237.264  
504.042  794.035  
217.704  538.356  
645.083  227.655  
385.181  228.229  
216.178  587.368  
594.96  220.038  
567.796  799.125  
544.049  217.972  
812.916  505.345  
807.865  477.051  
820.613  582.938  
676.913  803.208  
813.256  349.293  
682.469  223.586  
810.506  311.982  
826.542  635.829  
606.205  808.563  
720.833  214.864  
816.324  528.003  
191.58  692.968  
489.645  220.463  
817.278  688.961  
215.364  630.928  
809.649  223.098  
810.909  269.021  
831.799  607.608  
189.375  235.41  
828.154  437.932  
822.995  801.119  
775.271  819.179  
289.193  216.271  
229.861  817.952  
195.496  487.839  
190.788  415.403  
177.402  824.08  
183.262  758.654  
240.47  211.876  
698.502  823.024  
350.245  821.487  
190.193  345.08  
428.387  214.228  
638.891  821.338  
459.593  822.629  
825.252  759.239  
407.233  818.075  
578.275  826.524  
543.434  825.6  
348.608  204.163  
834.567  559.673  
509.458  832.91  
741.735  193.107  
638.127  205.616  
492.757  193.057  
663.724  840.919  
279.902  841.425  
835.491  391.742  
185.719  270.841  
178.98  724.419  
171.556  663.516  
448.76  189.737  
653.998  188.679  
848.275  728.619  
728.722  842.69  
284.629  196.554  
162.673  800.544  
583.879  184.567  
813.288  189.234  
