502.477  510.14  
529.309  530.743  
541.002  499.833  
496.111  481.155  
469.867  526.637  
498.253  549.931  
455.931  492.09  
529.054  468.44  
562.332  533.505  
532.048  568.125  
572.393  482.092  
579.148  559.517  
455.837  553.83  
476.462  458.886  
582.853  509.145  
557.532  453.407  
480.5  576.812  
418.426  463.447  
511.885  442.335  
436.877  575.882  
457.952  434.9  
584.675  442.93  
596.129  464.245  
578.996  592.083  
429.405  519.532  
502.822  595.494  
598.47  533.908  
545.423  423.333  
542.795  600.724  
407.694  547.355  
582.388  424.287  
459.791  605.761  
426.991  603.683  
411.484  423.573  
497.607  419.513  
612.819  491.758  
406.189  492.14  
618.582  584.041  
612.72  422.616  
621.47  447.445  
524.497  621.263  
620.897  516.639  
626.224  553.465  
464.613  402.525  
595.562  618.547  
570.644  627.083  
488.449  620.262  
404.561  626.406  
623.81  620.392  
394.392  585.567  
521.046  393.936  
576.541  400.603  
629.673  408.213  
636.359  475.128  
645.556  536.239  
382.98  510.142  
416.486  388.101  
440.482  635.189  
348.763  454.74  
593.296  386.384  
475.701  644.304  
366.555  408.18  
634.978  393.801  
654.043  600.778  
608.949  651.13  
518.235  646.087  
366.354  562.699  
655.708  431.324  
658.016  506.942  
559.577  654.155  
374.148  380.438  
551.019  381.699  
466.351  377.417  
613.368  376.017  
658.565  629.947  
360.677  627.622  
659.182  570.924  
363.212  601.022  
364.775  528.964  
654.436  377.263  
363.6  478.377  
656.466  456.541  
665.421  405.481  
661.914  657.691  
515.991  368.998  
549.202  366.198  
431.37  662.386  
362.586  669.882  
399.015  359.792  
437.944  354.955  
572.555  360.694  
671.584  480.145  
614.197  359.071  
495.378  667.485  
399.626  676.058  
365.437  356.142  
484.358  358.965  
530.239  671.478  
641.687  353.553  
675.824  553.187  
338.213  646.788  
690.842  532.894  
634.544  685.388  
339.555  500.093  
587.37  683.572  
517.056  351.928  
678.77  358.74  
685.551  456.34  
465.088  684.454  
330.099  581.034  
561.051  342.511  
687.672  392.174  
332.338  433.547  
663.706  339.47  
555.346  688.441  
698.597  592.809  
329.855  539.439  
320.614  368.398  
322.892  400.457  
476.913  343.437  
691.203  423.962  
402.321  332.526  
610.996  337.049  
693.159  682.94  
341.281  340.973  
689.997  373.491  
691.49  624.054  
503.51  337.5  
508.141  692.405  
366.364  323.899  
429.198  700.272  
704.48  437.406  
707.766  505.846  
704.882  563.924  
702.62  650.017  
380.105  703.634  
443.074  326.832  
705.415  349.745  
706.988  478.406  
332.451  701.707  
705.847  409.095  
319.603  665.893  
527.579  328.291  
714.254  336.425  
319.915  616.156  
486.977  324.526  
676.102  324.099  
316.281  323.548  
525.88  716.317  
571.506  321.379  
641.8  320.763  
609.419  717.255  
701.883  712.534  
612.323  313.606  
653.908  723.216  
567.726  727.165  
480.611  718.249  
694.825  314.715  
725.023  366.721  
720.927  389.677  
720.774  447.72  
290.239  524.588  
295.655  347.582  
521.075  311.107  
725.994  377.22  
720.149  620.851  
299.988  489.44  
294.033  559.598  
443.493  308.26  
732.986  459.692  
293.621  640.183  
397.881  303.574  
490.769  306.464  
552.484  305.442  
729.829  326.15  
458.111  295.514  
411.429  733.154  
285.075  602.398  
329.861  297.873  
657.806  305.192  
727.834  420.931  
288.542  673.709  
584.139  297.865  
735.077  308.341  
360.088  733.641  
288.931  433.236  
290.169  707.531  
734.839  531.147  
734.404  658.93  
747.622  695.551  
698.787  296.484  
742.962  555.926  
740.705  486.285  
450.04  741.402  
304.95  748.44  
272.087  461.4  
620.489  292.82  
276.173  395.504  
275.404  311.143  
527.02  288.163  
750.373  580.256  
749.566  728.416  
745.649  355.784  
696.262  745.909  
368.64  283.157  
412.446  279.951  
644.46  285.315  
734.165  289.654  
752.796  402.429  
750.228  605.578  
261.768  282.284  
486.805  279.467  
759.774  635.359  
552.353  279.113  
750.858  439.524  
738.438  752.921  
681.475  282.365  
718.076  277.69  
762.722  502.919  
520.937  757.61  
479.537  762.068  
296.099  269.61  
606.097  760.296  
576.31  273.582  
758.582  340.9  
651.022  269.666  
255.393  498.062  
249.524  338.518  
600.251  268.34  
757.836  423.112  
251.001  726.248  
250.101  371.437  
449.072  271.237  
761.826  274.901  
336.864  772.476  
339.776  266.702  
762.155  387.841  
767.434  472.384  
386.797  770.56  
256.825  579.492  
762.761  290.268  
763.532  523.494  
654.391  766.995  
689.245  266.734  
771.629  372.506  
513.726  264.464  
767.143  326.891  
562.393  766.059  
254.914  644.618  
253.555  766.45  
244.762  545.344  
412.502  259.191  
743.539  260.181  
778.87  667.589  
373.359  258.603  
434.129  777.305  
237.821  415.826  
