518.145  517.69  
465.522  513.158  
493.755  472.894  
468.917  551.073  
532.296  469.585  
562.866  554.757  
563.019  506.967  
505.466  568.628  
578.612  465.568  
469.434  447.268  
447.515  487.916  
438.926  456.302  
546.73  582.984  
559.189  440.867  
458.912  597.283  
495.836  433.918  
529.26  437.335  
614.607  529.994  
420.857  569.779  
618.204  484.33  
619.406  435.773  
564.135  605.908  
407.384  523.02  
506.499  611.631  
419.373  487.916  
627.476  577.855  
406.683  439.075  
450.261  413.783  
595.804  398.135  
602.787  610.564  
527.675  402.193  
419.124  617.694  
409.724  467.686  
423.219  407.554  
491.732  393.907  
378.624  600.608  
397.766  398.537  
640.548  623.007  
589.938  642.02  
533.033  644.279  
458.455  643.03  
379.121  484.774  
366.744  553.46  
414.179  375.714  
408.016  655.52  
370.972  428.976  
379.635  466.532  
466.268  371.867  
669.387  453.278  
496.222  664.197  
676.801  409.774  
673.068  495.767  
671.001  537.696  
359.105  390.901  
355.309  634.475  
523.044  360.208  
575.998  358.501  
344.861  514.642  
637.748  666.584  
372.441  357.009  
673.222  373.334  
577.723  668.734  
371.455  679.369  
440.362  350.236  
635.675  346.247  
683.106  606.567  
346.097  456.851  
688.118  673.622  
469.808  683.644  
322.227  583.119  
525.265  691.096  
440.494  687.648  
673.459  329.488  
330.936  662.608  
401.349  333.558  
487.687  332.661  
319.247  486.638  
540.738  331.707  
327.546  425.948  
699.83  558.39  
326.077  367.512  
335.426  329.906  
612.721  704.925  
602.116  332.146  
576.334  697.644  
321.037  615.273  
652.725  709.279  
417.294  707.83  
331.478  711.56  
573.762  309.15  
444.769  318.61  
718.697  361.835  
304.217  393.755  
368.116  307.267  
386.345  714.376  
727.458  420.312  
298.129  540.211  
730.224  316.647  
712.815  459.285  
724.028  505.854  
466.868  717.637  
624.083  303.81  
312.703  454.789  
545.838  723.142  
296.114  629.335  
515.418  300.894  
735.657  654.817  
732.769  597.326  
423.229  296.932  
302.176  345.577  
689.996  733.09  
513.893  718.93  
285.979  667.761  
477.195  299.846  
282.915  317.544  
742.461  708.183  
704.395  297.112  
654.523  282.036  
279.677  462.393  
286.921  429.462  
289.445  287.543  
755.043  552.501  
578.908  738.812  
288.864  717.993  
327.645  287.559  
433.234  748.037  
367.382  752.877  
502.744  743.675  
274.549  360.081  
547.311  283.401  
630.465  748.476  
763.074  459.789  
267.638  598.445  
271.939  499.75  
456.541  278.599  
397.183  279.861  
750.609  275.298  
259.05  563.911  
760.459  386.806  
307.231  763.211  
355.669  267.057  
732.81  761.915  
599.589  272.14  
699.757  268.005  
779.939  337.12  
485.96  271.277  
253.461  404.046  
573.129  265.279  
251.414  745.438  
534.955  764.431  
766.843  494.485  
261.183  702.464  
516.296  253.161  
252.531  380.038  
428.461  263.216  
669.183  765.692  
250.871  632.735  
297.375  258.548  
779.774  625.832  
782.104  745.603  
245.045  326.494  
580.598  774.997  
474.191  776.132  
240.949  435.143  
259.855  257.223  
700.646  774.93  
235.221  522.641  
788.899  417.086  
394.825  252.895  
612.089  244.102  
240.699  289.569  
794.945  520.559  
460.443  253.103  
669.218  239.161  
403.352  782.132  
249.26  786.166  
234.675  673.637  
792.986  667.359  
234.846  476.61  
322.366  238.165  
728.181  241.771  
561.851  242.857  
796.343  587.025  
789.629  233.922  
800.934  298.238  
427.381  238.674  
604.494  801.929  
225.677  714.731  
803.519  365.393  
665.681  802.759  
792.3  802.349  
224.661  609.931  
363.403  233.814  
806.474  704.821  
223.314  234.346  
791.748  271.478  
363.855  798.901  
220.626  350.337  
428.572  804.68  
740.163  809.876  
277.025  229.601  
466.15  231.347  
206.418  265.05  
534.451  801.626  
752.504  225.918  
546.713  230.581  
831.913  489.362  
314.225  807.802  
503.413  220.401  
830.81  548.714  
391.16  211.856  
477.965  813.827  
211.354  575.463  
203.78  380.266  
587.396  212.651  
206.413  455.686  
830.071  443.371  
207.33  648.812  
445.788  213.276  
199.906  754.54  
299.134  207.266  
638.942  208.044  
829.999  603.958  
827.477  772.042  
191.494  409.679  
722.856  216.011  
816.609  261.692  
191.253  542.407  
336.503  208.561  
542.928  206.882  
198.123  297.443  
251.983  204.981  
188.817  324.16  
699.008  202.125  
226.792  824.505  
395.74  834.145  
833.697  389.265  
279.879  831.741  
183.999  791.937  
774.755  196.349  
823.383  205.807  
190.618  491.122  
189.509  201.051  
480.64  190.075  
843.274  639.381  
571.305  829.7  
554.166  831.816  
343.752  834.02  
188.573  722.535  
182.764  438.011  
851.865  235.666  
853.014  675.441  
172.822  615.821  
623.393  840.959  
428.262  185.437  
178.524  680.09  
846.899  727.018  
