506.473  505.245  
494.736  539.277  
539.138  544.827  
554.136  485.386  
505.734  471.424  
465.776  482.495  
575.514  513.296  
449.091  515.216  
466.69  453.325  
448.277  552.96  
541.118  450.769  
586.451  553.235  
492.717  573.744  
537.222  587.688  
590.536  461.271  
503.311  442.03  
433.444  478.234  
449.692  592.78  
590.429  599.301  
432.423  435.046  
612.771  493.397  
475.97  417.058  
566.292  419.896  
414.315  454.713  
520.16  420.761  
503.09  615.771  
405.149  574.325  
404.661  524.538  
627.749  439.705  
398.62  488.914  
619.611  521.75  
428.886  405.988  
630.698  561.397  
400.102  608.414  
629.544  409.134  
394.508  549.388  
543.904  626.06  
457.382  628.217  
389.584  425.148  
525.638  398.112  
579.061  393.629  
627.923  471.004  
572.91  642.521  
500.178  390.292  
622.157  643.016  
414.109  642.069  
380.2  398.407  
663.772  605.256  
384.7  454.429  
462.692  378.991  
399.82  374.861  
621.389  376.326  
542.531  379.919  
368.646  507.076  
654.349  474.167  
506.329  650.914  
368.334  631.188  
662.952  534.147  
673.373  504.825  
361.126  598.917  
355.095  570.166  
359.182  468.194  
380.341  663.396  
349.655  435.386  
573.059  363.786  
664.707  390.772  
673.272  568.643  
356.222  536.37  
512.627  360.103  
462.134  666.025  
689.703  649.216  
680.611  453.799  
536.396  672.693  
348.519  375.222  
684.16  421.764  
422.078  353.214  
340.721  410.781  
681.035  360.922  
629.545  682.098  
578.157  678.323  
469.857  352.995  
546.336  345.928  
355.091  349.002  
607.844  350.764  
336.265  614.1  
342.529  491.334  
414.67  684.771  
347.986  672.096  
330.067  393.546  
329.248  642.769  
511.949  693.385  
390.581  343.993  
652.677  332.631  
321.143  513.365  
444.383  330.098  
492.364  323.482  
710.358  488.438  
712.391  542.775  
593.725  326.78  
323.181  471.537  
686.071  702.926  
716.727  386.515  
463.555  695.799  
327.801  690.124  
718.036  332.635  
407.196  325.488  
378.69  700.692  
323.573  584.369  
372.711  321.863  
319.319  556.676  
551.579  708.581  
320.902  312.855  
298.929  343.422  
305.142  537.429  
295.282  444.136  
545.079  306.739  
724.074  581.49  
595.559  713.742  
308.539  374.996  
645.996  733.382  
440.97  715.232  
690.043  302.619  
302.87  418.025  
409.69  718.273  
360.611  717.557  
731.835  456.319  
298.325  655.159  
279.881  484.148  
496.003  723.67  
313.15  714.259  
735.5  514.187  
299.029  605.159  
283.435  624.123  
299.838  587.437  
406.903  296.296  
640.914  293.855  
356.755  295.434  
445.783  303.245  
607.628  297.442  
748.177  415.493  
739.736  698.231  
284.69  566.796  
748.775  630.529  
778.494  295.428  
568.56  741.818  
286.853  398.028  
496.364  289.188  
333.563  737.391  
279.079  700.883  
720.924  761.642  
528.995  749.13  
453.929  745.033  
281.536  676.928  
277.784  462.921  
580.549  281.979  
755.703  358.62  
388.594  740.602  
267.513  728.015  
293.236  279.652  
454.468  276.327  
270.514  502.065  
674.095  272.383  
269.964  545.781  
765.489  543.399  
733.258  264.48  
614.061  767.663  
260.136  523.769  
248.885  315.265  
328.608  267.077  
257.754  378.912  
539.562  263.214  
776.282  485.314  
383.302  261.087  
300.763  760.362  
247.772  585.937  
251.902  418.985  
414.235  270.869  
772.252  583.33  
497.789  774.844  
354.25  769.467  
251.585  652.692  
593.1  260.074  
630.579  251.308  
790.78  441.606  
406.968  762.646  
494.989  254.857  
775.129  384.192  
240.871  345.493  
786.764  730.919  
261.092  766.083  
243.103  258.305  
251.628  632.679  
243.284  289.659  
791.306  677.864  
435.183  767.684  
797.415  331.487  
355.056  248.416  
673.592  795.495  
439.092  243.503  
246.897  678.418  
815.023  503.857  
237.11  446.133  
775.926  794.273  
554.256  787.152  
242.919  699.896  
230.434  550.497  
683.578  243.2  
269.417  233.785  
459.593  786.158  
571.673  232.195  
398.938  790.873  
234.342  466.921  
786.427  243.719  
798.468  634.348  
226.224  500.137  
230.135  614.844  
324.6  233.032  
811.205  587.715  
229.241  785.968  
228.491  530.28  
735.33  226.999  
225.038  739.404  
319.716  800.483  
819.14  784.006  
422.656  805.76  
279.936  803.257  
217.234  398.571  
806.453  358.314  
587.886  793.533  
387.399  218.851  
481.399  221.169  
350.205  799.93  
825.851  394.7  
523.403  216.558  
639.788  219.877  
207.2  476.427  
819.37  540.779  
201.254  704.874  
212.73  672.508  
226.238  213.2  
617.443  811.78  
205.531  363.678  
691.269  208.639  
519.753  817.825  
216.817  644.649  
792.339  210.377  
190.599  762.845  
742.651  832.182  
836.438  264.553  
195.008  271.209  
469.391  826.569  
192.342  424.058  
571.951  824.713  
448.398  209.814  
195.785  625.791  
287.643  208.042  
604.451  204.504  
