496.38  532.941  
541.558  490.103  
506.652  472.097  
534.733  543.214  
465.683  494.598  
575.905  557.037  
587.001  504.51  
446.164  548.864  
588.676  446.226  
480.429  430.261  
480.098  577.585  
414.104  461.708  
499.886  614.621  
544.038  426.512  
391.75  514.996  
425.138  606.744  
565.804  606.441  
392.761  415.682  
597.269  623.489  
387.018  570.021  
629.374  511.293  
586.673  398.904  
631.666  558.491  
637.066  453.422  
631.024  397.044  
462.446  380.643  
521.257  379.602  
644.488  624.876  
657.441  575.474  
424.341  653.688  
558.01  370.319  
516.438  656.913  
371.414  650.352  
419.49  357.659  
673.888  518.279  
362.05  612.034  
345.947  363.852  
589.825  359.409  
679.366  471.456  
343.323  474.452  
598.636  683.523  
553.387  676.405  
629.805  353.073  
666.127  404.827  
671.262  362.837  
671.121  657.602  
464.414  679.096  
327.098  551.951  
688.732  426.636  
315.907  593.364  
317.204  423.69  
511.679  330.178  
368.213  695.781  
696.58  561.51  
699.46  600.097  
559.038  319.218  
415.005  705.414  
325.197  645.959  
472.5  320.042  
497.762  711.676  
626.796  716.221  
655.385  309.556  
691.143  321.971  
707.09  367.452  
671.709  706.248  
410.442  315.538  
611.833  308.503  
698.361  714.369  
285.934  687.385  
721.57  468.11  
292.012  334.043  
295.476  520.083  
722.254  519.691  
720.884  660.799  
347.515  289.223  
542.972  723.823  
437.247  733.357  
733.42  401.896  
285.78  468.52  
730.375  309.923  
307.101  732.539  
734.61  602.362  
523.207  285.544  
727.602  748.613  
570.142  749.847  
249.14  632.726  
283.252  381.764  
752.108  545.669  
283.502  279.975  
371.476  747.392  
654.886  752.7  
698.462  278.188  
415.514  273.44  
746.762  350.289  
474.841  275.359  
252.633  569.26  
584.944  275.141  
480.524  746.311  
758.471  636.074  
769.27  470.785  
513.053  765.913  
252.763  423.864  
759.673  697.835  
251.806  501.033  
767.048  418.675  
661.456  261.975  
743.267  258.92  
456.058  774.997  
255.068  755.771  
690.168  778.435  
599.3  778.256  
626.214  252.664  
764.88  298.002  
753.237  793.151  
233.517  316.172  
524.954  255.378  
781.539  360.158  
778.756  589.926  
788.853  720.157  
312.634  784.681  
229.502  368.936  
396.404  788.77  
576.759  241.369  
244.621  266.519  
325.062  235.593  
449.299  238.212  
782.323  251.736  
380.893  235.456  
709.737  241.501  
235.691  715.457  
501.813  235.326  
647.24  801.631  
235.666  531.294  
207.796  463.001  
781.652  812.798  
800.117  491.446  
792.519  641.551  
539.295  805.807  
231.67  230.723  
282.22  220.392  
793.53  301.697  
801.956  553.511  
680.808  225.654  
240.196  792.515  
554.261  203.641  
647.96  213.431  
811.623  398.863  
748.25  220.711  
471.583  816.859  
796.876  218.472  
205.659  688.483  
608.748  208.659  
810.791  765.937  
707.424  834.284  
439.448  197.062  
814.889  329.868  
347.256  820.875  
206.8  742.978  
199.69  547.183  
826.46  435.814  
595.209  837.941  
425.107  819.171  
197.18  500.583  
185.905  292.153  
830.704  590.966  
714.936  208.019  
202.46  820.996  
818.67  260.231  
270.747  825.364  
195.047  424.334  
816.508  833.585  
194.082  780.473  
187.157  593.418  
826.491  648.828  
503.508  197.796  
775.594  198.111  
825.13  213.546  
840.338  505.125  
369.599  196.576  
838.928  709.396  
208.615  185.309  
683.763  188.766  
741.28  187.472  
842.959  290.051  
177.597  645.601  
162.672  397.624  
180.19  223.15  
320.932  185.003  
844.424  780.471  
484.814  862.873  
182.375  351.969  
270.983  174.435  
382.334  855.284  
806.017  170.621  
162.288  513.681  
624.685  176.259  
842.441  342.291  
166.505  726.533  
531.721  872.609  
854.383  228.884  
659.579  860.935  
318.208  857.166  
857.925  376.694  
738.106  879.923  
841.437  168.004  
722.386  167.823  
220.742  858.034  
657.154  167.327  
592.142  172.509  
858.988  834.093  
419.457  882.93  
164.372  176.896  
770.224  164.227  
863.081  604.167  
261.497  855.668  
163.254  681.708  
497.562  161.827  
538.714  169.798  
861.924  176.597  
172.304  855.013  
389.461  166.492  
148.223  769.176  
782.172  880.059  
861.277  429.822  
149.222  549.687  
230.548  147.123  
875.982  651.463  
152.601  803.507  
151.188  838.19  
451.306  152.338  
876.236  530.696  
569.043  160.976  
701.415  146.83  
609.423  886.901  
876.528  308.982  
143.171  256.445  
831.593  905.367  
148.396  459.12  
174.689  141.01  
337.661  136.514  
892.298  714.906  
143.29  605.604  
750.365  146.709  
875.061  258.819  
135.607  353.33  
603.014  150.213  
165.744  885.877  
888.021  178.906  
895.809  450.469  
534.378  143.271  
900.428  788.838  
116.033  304.84  
122.012  202.207  
634.66  147.106  
669.464  137.401  
895.65  872.173  
282.435  885.899  
