513.419  509.826  
514.884  545.135  
499.995  479.976  
557.8  517.005  
542.28  478.623  
469.539  518.102  
554.85  563.612  
468.694  559.775  
455.808  483.613  
585.872  486.598  
574.33  461.802  
501.256  448.803  
500.734  585.657  
451.033  456.982  
595.482  535.089  
548.24  439.001  
453.911  599.128  
592.099  582.735  
591.908  510.32  
427.159  557.485  
537.702  600.628  
591.876  431.698  
416.202  521.232  
424.79  439.818  
479.597  422.084  
613.042  460.753  
520.06  416.717  
618.99  549.788  
399.219  482.71  
442.909  401.795  
401.329  591.527  
623.772  492.49  
620.642  612.904  
580.635  634.443  
493.328  629.816  
409.824  627.291  
543.507  408.96  
633.841  434.574  
575.782  398.173  
465.144  394.913  
616.885  392.649  
646.534  568.859  
409.603  404.07  
533.308  647.375  
640.847  525.88  
450.9  649.214  
383.803  442.919  
498.216  394.545  
380.813  551.022  
521.415  383.973  
550.561  373.478  
398.378  375.454  
429.92  377.573  
632.316  657.615  
363.052  407.763  
645.459  384.264  
657.747  469.381  
669.881  610.388  
374.372  651.377  
484.172  373.589  
667.216  409.014  
351.673  506.05  
664.519  504.542  
592.173  357.646  
358.311  364.308  
667.089  440.672  
352.23  582.659  
338.054  620.471  
671.021  362.078  
686.852  531.226  
514.761  355.907  
486.894  684.669  
552.092  677.426  
683.088  657.709  
428.686  687.227  
331.598  466.103  
458.93  348.406  
636.374  342.044  
417.533  340.413  
601.279  689.873  
708.235  379.832  
697.129  483.497  
378.959  694.465  
327.849  542.345  
692.392  568.752  
318.939  677.774  
560.796  336.924  
664.162  700.494  
384.422  327.209  
702.048  444.852  
489.355  326.055  
319.498  421.315  
699.118  337.203  
700.666  415.789  
555.181  705.58  
521.753  327.767  
344.919  320.908  
595.21  321.716  
721.103  640.275  
311.41  364.942  
548.484  319.686  
676.409  311.72  
719.394  685.481  
506.963  722.379  
442.894  318.807  
728.895  603.932  
711.82  721.552  
725.413  561.158  
623.966  732.351  
461.361  726.833  
629.21  303.841  
296.524  574.975  
728.89  515.98  
407.256  722.198  
330.091  725.903  
289.514  511.107  
454.23  297.409  
286.165  317.337  
570.948  300.959  
729.187  300.91  
564.927  739.59  
527.139  288.687  
730.269  397.388  
277.059  617.294  
414.979  294.03  
662.258  291.922  
743.022  415.696  
488.99  287.918  
747.853  467.385  
748.475  336.781  
736.139  441.681  
327.959  281.098  
599.283  282.789  
677.139  744.875  
425.266  745.228  
278.471  458.501  
381.345  273.569  
559.958  284.116  
707.781  278.736  
261.652  690.476  
273.098  404.434  
751.636  699.872  
287.152  746.576  
369.696  761.64  
760.18  734.192  
766.714  550.006  
760.131  373.138  
753.993  662.067  
773.606  501.892  
716.821  754.006  
524.655  766.181  
463.059  767.212  
261.66  272.726  
635.219  270.927  
460.505  260.563  
252.235  366.08  
758.471  276.946  
248.969  550.692  
786.633  586.188  
771.709  627.396  
645.743  772.808  
683.241  257.333  
421.461  255.395  
763.195  770.724  
775.509  433.709  
591.429  774.58  
557.652  258.327  
248.683  490.401  
774.397  405.226  
745.829  251.242  
502.701  250.525  
695.42  781.382  
300.47  241.369  
782.004  683.417  
231.921  325.314  
648.034  245.991  
310.899  788.807  
801.086  302.444  
223.439  621.388  
606.631  242.354  
251.527  792.617  
224.572  724.936  
230.636  425.855  
798.251  247.701  
423.685  798.835  
726.404  231.896  
355.354  232.151  
533.114  232.356  
797.229  715.975  
799.173  654.763  
802.351  357.159  
812.155  469.708  
546.028  805.211  
370.573  805.086  
234.223  250.719  
480.924  228.578  
218.975  288.001  
568.085  229.404  
724.969  816.734  
481.247  807.404  
823.622  413.22  
782.375  821.021  
601.843  813.677  
393.626  217.55  
658.389  822.712  
211.952  519.331  
437.562  220.087  
810.861  626.826  
832.876  751.13  
205.417  472.969  
268.824  214.811  
826.657  527.037  
692.386  214.667  
197.266  664.113  
227.367  216.168  
647.765  213.744  
772.874  198.105  
201.525  362.805  
193.525  567.984  
513.644  213.192  
596.003  209.225  
843.86  677.744  
185.831  785.274  
322.113  839.579  
471.438  198.235  
206.626  253.337  
840.403  579.079  
315.639  203.134  
198.264  844.953  
818.405  186.595  
848.67  822.416  
516.805  847.403  
558.529  194.055  
175.452  742.278  
177.691  395.603  
500.284  185.83  
383.175  842.363  
353.828  181.675  
268.01  852.146  
423.338  182.163  
621.586  183.884  
728.152  188.008  
444.472  843.543  
187.422  229.304  
187.835  200.153  
175.933  442.495  
850.867  213.281  
182.471  272.985  
868.712  622.093  
259.734  176.411  
856.474  356.691  
661.006  178.748  
859.456  267.405  
178.367  310.335  
457.225  177.647  
571.402  861.62  
389.21  172.054  
