505.023  518.984  
514.841  488.899  
535.592  516.12  
477.241  513.611  
482.389  479.285  
489.844  544.762  
540.199  460.845  
549.389  541.809  
518.172  555.691  
567.531  491.132  
461.105  547.752  
508.193  458.384  
453.181  474.775  
559.513  574.571  
481.846  581.309  
446.447  512.73  
578.763  447.722  
478.683  453.454  
586.622  526.504  
530.562  588.209  
440.592  575.358  
458.589  436.196  
505.727  591.257  
489.102  436.094  
590.606  584.437  
425.785  455.753  
519.712  418.701  
418.994  552.931  
416.947  488.061  
445.617  611.288  
431.339  408.881  
551.291  412.854  
559.242  610.437  
608.758  469.532  
411.823  518.13  
602.134  421.956  
613.44  559.428  
402.586  606.687  
482.377  408.809  
615.825  610.545  
498.328  618.568  
517.043  625.878  
571.303  405.465  
624.396  507.253  
593.689  636.784  
632.153  535.43  
399.187  438.625  
620.571  406.955  
632.164  590.939  
467.056  633.367  
395.292  399.266  
583.351  392.286  
387.869  473.578  
648.416  425.85  
540.672  637.873  
642.704  470.066  
388.071  556.064  
449.102  377.743  
382.196  512.405  
636.251  637.588  
420.704  644.18  
649.991  561.715  
562.956  644.971  
488.939  383.036  
525.029  380.73  
637.324  374.929  
378.443  640.857  
600.138  369.27  
373.154  598.585  
563.223  371.849  
373.307  440.96  
484.211  654.087  
514.515  661.179  
380.24  366.756  
661.928  594.427  
411.293  354.864  
664.942  487.926  
352.641  546.968  
365.568  494.665  
667.584  519.011  
358.327  405.449  
468.487  358.077  
606.395  675.036  
361.932  572.421  
499.541  344.942  
650.254  666.803  
453.157  667.931  
677.015  618.854  
375.443  668.569  
567.025  667.998  
350.792  630.972  
680.482  381.973  
538.522  685.938  
417.529  671.667  
353.33  478.557  
532.984  350.715  
682.207  438.238  
352.544  360.654  
345.552  445.13  
339.09  599.36  
343.642  513.109  
678.088  661.555  
562.574  350.399  
651.9  339.268  
478.066  684.47  
334.264  665.229  
442.409  340.254  
685.225  541.478  
627.067  691.9  
615.719  337.741  
340.26  692.033  
592.607  329.255  
696.41  339.999  
569.013  693.313  
379.431  331.643  
382.836  704.063  
697.211  569.802  
508.365  695.205  
327.379  406.186  
331.812  376.302  
329.623  472.414  
567.864  324.487  
678.067  329.455  
703.366  471.155  
699.68  693.648  
651.978  703.644  
349.448  324.198  
436.712  694.865  
467.056  329.491  
321.017  494.431  
318.58  348.799  
309.844  651.35  
316.058  545.544  
535.182  314.37  
712.105  618.991  
435.673  319.416  
709.132  649.678  
308.701  619.961  
318.589  571.007  
406.808  310.082  
709.752  508.745  
316.046  521.288  
312.828  442.571  
319.849  317.855  
595.519  718.874  
480.617  712.718  
628.946  308.416  
439.375  718.929  
724.997  379.844  
713.263  426.052  
575.725  711.853  
468.722  306.432  
724.988  584.576  
662.59  300.755  
718.331  543.693  
300.165  590.893  
305.715  476.917  
303.933  378.664  
700.196  306.578  
541.58  727.65  
306.119  728.056  
292.519  699.546  
503.929  305.034  
366.095  295.863  
730.14  340.326  
397.818  734.83  
678.936  734.599  
331.797  732.523  
294.393  512.962  
626.793  735.869  
492.978  738.551  
730.393  664.333  
293.797  408.961  
326.215  292.178  
599.48  293.202  
721.72  741.631  
737.647  312.307  
432.268  284.798  
570.303  290.637  
296.317  303.792  
742.798  460.98  
454.229  736.609  
735.971  509.383  
286.197  343.3  
735.575  430.548  
278.947  565.932  
737.223  290.574  
748.079  693.573  
279.594  541.014  
286.104  470.273  
716.074  281.729  
744.595  541.273  
281.136  496.312  
350.941  751.357  
522.446  279.202  
688.532  276.765  
751.577  390.019  
747.893  621.632  
464.473  275.778  
496.346  284.869  
274.145  436.061  
550.841  282.433  
624.757  277.68  
277.258  637.446  
554.736  755.641  
261.363  689.232  
268.529  617.631  
267.132  387.172  
399.291  268.301  
653.047  263.664  
295.381  264.625  
588.989  753.708  
253.304  593.727  
257.496  751.929  
267.42  301.758  
764.433  580.006  
264.707  656.056  
367.498  265.259  
762.058  474.403  
761.218  649.508  
498.956  769.172  
410.964  756.587  
334.289  259.536  
758.072  742.442  
632.811  777.567  
592.324  263.738  
758.989  264.638  
263.064  518.211  
259.684  725.061  
288.514  770.894  
486.095  260.684  
439.831  769.42  
257.809  479.569  
552.363  262.106  
732.564  253.032  
759.996  331.223  
783.109  695.053  
740.1  776.844  
263.229  259.478  
775.261  403.575  
774.566  290.682  
253.358  343.813  
769.567  544.536  
602.603  779.728  
664.881  781.453  
769.592  354.083  
768.677  515.175  
515.73  253.328  
366.995  775.726  
432.25  245.417  
693.785  254.526  
244.081  448.941  
626.522  243.174  
710.722  238.418  
688.933  800.384  
314.718  789.807  
239.169  550.959  
