504.657  514.185  
551.661  521.907  
521.283  542.527  
515.624  488.72  
474.646  526.89  
565.26  502.33  
485.489  547.729  
569.055  545.853  
462.34  501.987  
552.987  481.203  
542.94  573.308  
463.786  467.099  
456.652  567.396  
500.405  580.869  
583.059  464.318  
528.259  460.608  
599.926  494.485  
590.729  573.096  
481.635  440.798  
607.879  530.158  
565.427  437.79  
421.709  540.915  
422.068  592.041  
414.897  475.131  
529.202  436.93  
528.75  614.613  
467.048  617.198  
419.553  438.034  
631.347  591.872  
615.19  439.482  
581.361  616.808  
413.089  507.045  
629.862  474.587  
508.495  412.212  
619.637  630.16  
453.799  412.103  
606.872  415.597  
658.232  553.286  
555.165  409.466  
393.25  643.93  
651.963  512.412  
586.87  397.008  
384.436  415.22  
637.018  396.079  
664.133  420.789  
559.312  649.777  
664.121  454.078  
478.792  649.068  
408.454  388.577  
353.914  599.377  
466.349  388.236  
367.27  542.442  
531.23  381.387  
673.056  625.06  
362.475  452.09  
608.41  662.816  
659.193  666.779  
514.936  669.748  
680.76  487.446  
357.759  493.753  
586.132  370.93  
661.688  371.51  
428.294  679.082  
479.241  368.936  
352.912  372.326  
695.57  590.994  
390.535  357.583  
439.107  359.815  
620.287  354.348  
694.4  394.402  
541.173  697.19  
338.997  678.939  
324.943  384.942  
514.847  352.621  
618.476  693.213  
332.749  415.564  
558.441  338.882  
708.615  531.823  
697.833  360.786  
715.222  643.369  
466.11  698.845  
699.682  690.325  
713.654  429.973  
353.46  348.553  
465.415  339.875  
661.088  334.654  
308.006  569.925  
426.23  333.509  
726.747  464.705  
400.892  719.193  
371.373  328.552  
660.397  715.476  
321.873  709.661  
309.658  647.434  
316.665  349.211  
495.513  325.563  
728.94  495.477  
305.973  520.301  
699.855  323.341  
326.89  313.922  
611.717  314.508  
579.343  724.526  
305.304  439.602  
297.855  476.191  
733.058  568.858  
712.96  720.715  
409.728  309.464  
485.276  732.904  
736.356  347.278  
455.959  307.395  
304.892  625.459  
510.217  298.813  
560.315  304.299  
749.039  388.651  
716.52  300.771  
748.277  673.553  
632.979  734.86  
755.714  595.977  
661.725  295.251  
271.193  737.329  
274.051  323.139  
363.667  295.837  
751.408  734.065  
483.767  301.089  
340.08  758.747  
756.201  512.384  
416.691  757.599  
747.705  296.997  
666.757  752.175  
272.128  401.73  
525.986  756.859  
594.511  760.287  
279.71  283.17  
274.093  620.297  
770.199  545.377  
242.592  594.751  
694.789  772.321  
766.352  427.452  
258.204  359.269  
579.132  273.752  
624.308  278.03  
780.307  701.018  
259.05  666.994  
457.041  282.536  
402.188  276.788  
525.015  275.781  
325.538  277.958  
251.732  539.412  
685.525  270.178  
770.618  632.66  
780.233  482.865  
757.88  767.547  
458.901  786.313  
264.087  779.093  
221.839  702.971  
713.1  264.875  
776.132  340.952  
252.38  438.021  
787.888  290.471  
796.103  453.271  
361.298  263.989  
750.218  259.744  
621.377  784.744  
444.653  260.115  
648.202  250.913  
240.654  483.406  
491.341  252.641  
529.361  793.847  
308.382  251.032  
816.444  660.939  
773.521  234.834  
538.029  239.956  
610.9  243.872  
796.46  380.43  
810.779  569.142  
374.033  797.948  
805.327  520.21  
810.919  608.855  
761.412  802.967  
256.967  245.491  
582.78  240.997  
810.872  732.744  
410.8  243.896  
817.76  769.595  
211.337  633.6  
226.594  283.165  
692.571  813.178  
633.432  808.462  
367.681  236.36  
682.941  230.564  
725.46  229.914  
817.861  409.434  
817.709  332.856  
452.029  231.38  
220.195  384.868  
308.703  822.394  
216.151  320.859  
822.32  270.08  
328.952  220.431  
807.512  220.662  
217.788  818.088  
564.727  819.115  
191.224  756.371  
203.221  419.993  
284.468  223.32  
825.648  800.507  
213.594  244.817  
487.985  219.386  
397.418  216.571  
637.365  216.09  
190.064  459.204  
832.399  497.473  
192.933  557.31  
236.43  207.517  
767.992  838.141  
472.425  836.378  
398.208  837.707  
429.069  212.173  
553.152  204.1  
586.125  202.004  
853.773  698.329  
827.347  826.834  
155.173  795.034  
519.248  201.016  
182.639  509.515  
733.897  195.23  
841.387  440.911  
860.262  468.274  
361.421  199.454  
189.481  349.64  
706.473  843.554  
618.896  845.414  
165.279  663.795  
692.661  187.927  
836.295  205.661  
842.251  242.169  
850.754  533.913  
293.954  190.025  
454.52  193.811  
536.257  847.635  
614.995  194.56  
853.12  392.444  
181.748  220.024  
652.19  191.597  
862.323  349.415  
856.458  306.815  
860.082  608.175  
234.244  854.134  
189.333  184.953  
784.912  184.012  
175.526  289.302  
153.923  732.116  
410.776  187.334  
758.364  181.351  
868.748  837.383  
489.603  180.177  
169.709  257.401  
