515.884  499.793  
510.5  551.483  
477.646  520.975  
539.277  521.519  
480.41  479  
521.705  452.163  
560.6  495.592  
555.926  547.14  
477.815  582.589  
570.426  451.586  
543.043  582.31  
443.816  532.755  
475.843  445.265  
438.308  489.008  
424.217  451.859  
587.286  574.037  
447.788  591.885  
589.772  524.629  
574.096  603.334  
601.969  486.599  
517.491  600.953  
462.688  418.915  
415.011  553.929  
586.476  424.538  
551.35  400.681  
610.224  564.695  
409.307  591.78  
611.542  451.012  
413.94  406.483  
504.959  403.556  
404.942  518.185  
610.596  415.425  
437.533  400.127  
614.568  617.592  
621.845  536.397  
549.967  629.153  
472.877  642.413  
588.223  648.445  
512.527  642.004  
429.441  632.664  
395.174  492.009  
631.184  586.418  
631.177  490.877  
615.724  386.867  
580.666  369.635  
377.994  608.743  
383.534  413.022  
482.347  378.008  
635.442  451.883  
442.342  363.774  
637.125  627.933  
378.732  456.216  
379.326  568.256  
641.036  391.114  
400.686  655.583  
652.831  423.91  
649.83  528.543  
389.148  377.762  
525.565  359.67  
609.461  674.451  
558.961  666.486  
365.162  543.21  
658.602  579.67  
361.689  496.997  
656.104  483.066  
666.793  455.827  
666.768  640.429  
452.967  667.96  
622.56  334.237  
360.048  648.246  
663.584  359.366  
676.041  389.759  
641.623  685.126  
677.125  511.251  
344.687  416.371  
351.622  370.682  
386.191  340.24  
508.428  696.505  
440.021  694.316  
687.381  690.601  
481.957  338.705  
339.128  606.926  
335.309  463.522  
366.648  692.759  
688.668  561.444  
691.687  433.129  
477.965  694.065  
333.161  564.408  
663.615  327.041  
691.194  473.854  
685.621  602.697  
328.424  655.624  
410.875  709.622  
324.096  513.9  
348.775  319.121  
568.956  321.762  
690.046  328.696  
696.182  363.488  
545.09  709.138  
519.901  321.858  
323.973  696.476  
583.475  719.149  
445.671  326.829  
705.029  646.191  
314.81  375.475  
419.529  314.347  
715.905  332.217  
717.797  539.34  
311.81  423.991  
314.824  331.942  
718.999  374.746  
719.891  489.566  
722.728  412.605  
716.472  597.952  
346.612  727.915  
465.831  728.06  
299.76  592.591  
308.484  674.837  
305.292  627.544  
391.172  731.38  
493.024  295.099  
643.87  291.981  
676.21  283.862  
625.357  735.29  
293.648  459.227  
723.386  452.619  
296.191  560.726  
714.666  756.811  
655.712  740.348  
713.187  289.645  
317.716  281.687  
452.978  292.64  
308.347  730.076  
379.981  294.027  
545.841  281.346  
733.518  640.111  
732.994  697.085  
679.924  741.144  
502.042  746.257  
592.872  283.615  
284.418  523.749  
285.55  360.513  
277.294  326.746  
407.413  284.965  
744.692  580.34  
536.831  750.374  
277.545  679.352  
284.356  402.17  
740.543  290.759  
435.148  756.161  
371.426  748.03  
748.819  350.461  
355.32  271.337  
748.836  518.09  
272.558  718.545  
752.944  459.257  
271.361  630.704  
438.275  263.315  
752.406  398.137  
252.538  287.299  
756.179  763.267  
578.639  767.529  
275.414  750.471  
770.539  307.938  
761.998  671.265  
259.925  444.189  
293.903  242.142  
629.824  262.207  
766.923  624.487  
608.727  760.317  
260.776  588.607  
333.565  760.245  
257.362  501.748  
256.694  399.245  
767.589  725.51  
477.61  773.319  
392.211  252.598  
481.363  257.439  
523.963  253.446  
713.194  252.96  
402.422  785.106  
766.785  260.853  
769.174  594.386  
771.899  562.349  
676.49  236.645  
240.327  370.723  
772.344  371.82  
579.469  242.672  
368.428  787.363  
773.075  523.715  
304.262  778.398  
245.595  558.096  
657.798  782.074  
625.953  788.717  
783.114  422.072  
739.015  233.833  
242.139  757.335  
241.687  675.514  
782.174  474.15  
271.101  787.555  
543.592  787.304  
237.236  714.736  
337.48  789.306  
235.22  627.661  
259.924  214.649  
785.268  342.035  
518  794.145  
796.028  700.06  
690.53  808.96  
360.254  230.377  
627.17  227.842  
219.362  339.541  
439.807  801.943  
330.648  222.391  
438.364  226.122  
484.107  231.15  
795.984  801.622  
470.407  809.635  
790.967  558.867  
796.939  641.846  
799.903  751.977  
795.639  597.264  
225.809  455.104  
799.309  246.718  
799.854  384.641  
805.951  501.308  
217.594  513.999  
233.107  793.079  
531.982  227.884  
222.641  211.179  
400.35  212.131  
769.229  227.14  
218.655  414.199  
759.704  813.061  
563.579  816.162  
820.178  548.747  
801.148  321.35  
652.99  813.744  
325.657  826.891  
593.313  810.764  
213.716  571.046  
803.138  294.321  
704.821  212.913  
363.579  816.685  
824.436  360.793  
209.329  278.079  
505.31  816.487  
206.779  736.686  
204.305  685.971  
819.88  445.352  
725.885  821.286  
293.309  833.399  
203.294  652.365  
587.163  195.087  
202.54  614.079  
506.193  202.88  
816.086  594.417  
