496.178  523.249  
522.822  513.852  
525.236  500.077  
490.567  499.757  
517.775  476.901  
520.789  535.226  
550.155  475.494  
544.613  509.443  
538.68  550.02  
485.267  546.371  
490.583  464.729  
466.628  528.635  
559.526  523.528  
458.719  504.56  
457.465  474.262  
561.33  561.348  
504.343  565.786  
568.578  492.103  
470.565  561.386  
577.808  535.744  
542.98  439.808  
448.094  551.371  
571.249  440.269  
515.663  438.726  
480.033  584.548  
448.127  593.674  
529.983  584.12  
467.851  443.347  
441.808  447.31  
585.571  577.168  
423.145  579.723  
592.314  510.485  
432.443  531.937  
594.776  462.819  
486.046  431.946  
425.904  504.848  
590.703  554.186  
551.764  604.137  
503.56  596.69  
419.439  479.19  
595.573  429.541  
424.631  434.036  
502.644  411.926  
585.811  606.718  
413.004  565.29  
605.335  535.977  
464.025  419.098  
416.363  607.371  
613.323  487.242  
462.381  615.868  
487.617  618.832  
590.831  410.455  
531.986  401.044  
519.012  616.66  
556.689  411.189  
615.971  578.025  
415.037  411.989  
444.96  404.274  
615.986  556.314  
621.946  449.398  
614.602  605.824  
405.284  543.452  
618.34  397.447  
638.708  420.587  
480.101  396.491  
393.384  471.948  
634.77  500.678  
395.273  523.724  
591.279  630.865  
444.769  636.55  
392.016  435.141  
565.64  390.354  
631.719  531.237  
427.907  632.112  
399.185  640.362  
381.195  507.877  
405.341  394.02  
631.283  628.462  
632.478  594  
557.126  634.646  
528.832  646.406  
644.583  554.035  
381.846  610.369  
458.113  387.529  
428.579  372.925  
610.374  644.74  
469.318  640.671  
384.853  551.626  
512.144  376.259  
595.31  366.792  
647.938  458.449  
649.78  573.392  
494.981  654.28  
380.228  398.125  
375.445  581.974  
449.235  372.349  
652.903  387.442  
652.392  604.688  
398.456  368.345  
475.349  371.955  
581.383  650.879  
660.421  629.94  
366.363  651.768  
662.059  531.886  
628.005  363.195  
363.957  479.489  
541.672  366.795  
651.416  518.248  
647.623  661.576  
606.771  677.215  
427.13  664.405  
360.34  540.353  
367.403  436  
553.965  661.687  
373.302  366.606  
567.025  357.906  
362.177  561.976  
675.011  485.434  
459.982  667.028  
670.006  587.684  
670.566  511.259  
506.295  350.633  
356.962  609.009  
676.02  358.939  
377.765  670.225  
358.283  398.361  
655.021  342.869  
681.211  423.611  
677.867  456.464  
570.725  680.796  
348.642  641.064  
473.98  349.515  
395.358  680.759  
341.611  526.847  
347.177  368.442  
678.647  666.139  
509.896  676.722  
682.59  548.951  
678.721  566.992  
343.541  461.584  
368.239  344.615  
341.956  585.899  
342.358  425.801  
394.958  336.123  
543.188  336.422  
533.873  689.583  
441.409  336.001  
694.248  393.166  
334.14  502.568  
688.305  627.671  
418.245  340.165  
335.222  678.15  
346.949  338.798  
702.778  594.856  
474.027  695.908  
329.269  627.971  
336.131  560.019  
461.963  327.609  
328.03  397.021  
620.995  331.1  
634.197  696.327  
441.148  700.329  
361.086  695.652  
697.892  524.585  
581.334  329.547  
676.39  698.844  
414.683  695.455  
331.322  353.967  
321.836  608.31  
708.369  569.835  
695.667  331.889  
706.572  491.467  
699.693  365.388  
499.225  321.585  
320.136  456.348  
519.369  324.004  
502.885  705.115  
566.095  715.882  
320.054  657.369  
481.877  315.149  
313.464  540.715  
344.809  314.227  
310.322  587.782  
377.464  316.496  
428.811  316.967  
725.29  650.15  
718.23  687.965  
715.574  446.888  
703.822  640.564  
312.457  365.556  
385.645  719.353  
305.671  492.161  
314.191  339.298  
318.173  318.958  
317.544  709.924  
305.548  426.912  
661.302  313.092  
307.165  563.077  
413.652  301.641  
731.574  529.694  
551.363  308.08  
642.583  726.325  
526.359  729.025  
417.383  725.407  
702.718  301.424  
594.486  715.147  
615.765  306.778  
722.59  405.47  
724.644  615.543  
349.446  718.554  
589.706  298.093  
636.068  303.772  
721.456  361.318  
698.971  721.657  
294.15  688.124  
294.599  522.473  
522.013  296.637  
731.147  312.03  
601.592  732.538  
289.784  659.747  
291.331  627.483  
291.8  393.351  
451.432  293.182  
733.103  336.292  
484.047  731.829  
449.206  735.073  
299.335  296.967  
375.485  291.804  
292.721  456.645  
743.796  489.344  
283.614  350.487  
339.576  293.871  
495.615  290.616  
286.535  326.783  
563.098  286.449  
740.1  457.252  
736.434  719.731  
314.852  736.293  
673.287  287.678  
663.068  747.024  
281.415  721.359  
743.796  581.422  
346.71  750.99  
277.477  563.009  
734.535  286.353  
275.634  585.115  
282.887  369.557  
747.101  365.805  
571.872  753.537  
647.24  280.25  
751.222  408.91  
332.736  274.981  
404.41  269.068  
618.635  282.396  
694.074  748.761  
399.96  749.012  
753.321  547.197  
