507.837  524.444  
537.953  499.06  
497.01  493.121  
539.827  523.442  
526.008  478.649  
477.822  515.451  
485.675  546.432  
528.606  544.343  
469.59  473.914  
564.759  538.456  
552.44  466.741  
502.229  470.818  
509.57  559.182  
529.347  570.943  
447.222  498.155  
454.884  549.97  
576.642  501.848  
451.661  524.985  
460.148  568.467  
493.739  456.028  
525.254  439.098  
563.172  576.158  
479.045  580.069  
446.23  463.953  
588.823  464.905  
572.063  432.883  
462.446  439.352  
496.545  425.543  
595.672  558.017  
434.772  596.572  
548.978  420.644  
420.262  534.054  
425.023  566.3  
498.5  599.36  
430.986  431.463  
600.441  601.591  
524.719  606.244  
425.356  467.689  
609.296  516.829  
560.767  607.252  
606.357  426.05  
458.355  613.186  
405.495  508.608  
401.755  590.391  
460.869  408.34  
619.793  474.215  
406.802  422.174  
624.894  575.847  
402.481  484.489  
396.421  616.032  
397.546  458.84  
433.946  396.132  
586.411  392.048  
417.359  632.727  
496.311  394.004  
393.958  559.918  
528.298  396.194  
557.531  392.712  
525.88  630.897  
572.182  627.946  
484.784  626.804  
637.252  542.035  
618.558  380.029  
407.84  389.723  
636.222  407.574  
634.869  619.671  
605.167  631.825  
643.998  435.41  
638.543  598.123  
382.923  440.047  
479.103  382.525  
374.908  538.638  
645.198  499.894  
377.832  405.501  
382.007  636.457  
547.278  650.026  
629.592  649.28  
482.139  645.871  
449.947  652.076  
459.009  376.137  
584.423  658.417  
373.063  483.116  
365.99  512.664  
659.34  462.419  
365.864  613.813  
370.454  583.914  
375.131  373.495  
661.496  569.181  
654.307  373.64  
660.413  643.761  
532.629  361.566  
510.245  665.266  
440.337  361.508  
564.46  360.348  
369.266  659.957  
362.091  459.085  
396.689  362.899  
506.757  364.555  
669.475  527.006  
408.096  671.842  
359.337  564.003  
364.606  427.965  
417.377  359.919  
666.538  603.581  
474.152  678.07  
480.128  352.944  
667.586  401.456  
346.933  640.12  
614.557  671.567  
592.502  352.963  
356.687  362.44  
673.639  485.989  
641.173  336.501  
673.932  426.486  
349.233  386.595  
684.132  664.74  
541.95  680.225  
346.5  406.538  
643.227  682.593  
668.06  350.912  
344.902  431.427  
682.646  502.157  
343.221  479.69  
337.719  592.026  
341.621  503.929  
382.961  343.128  
685.069  374.905  
615.366  334.549  
514.76  333.968  
334.129  690.093  
327.187  561.129  
341.701  339.979  
691.924  605.174  
438.006  695.207  
362.757  339.058  
408.903  331.303  
460.786  327.014  
550.412  336.542  
333.702  530.679  
691.814  466.03  
363.579  695.101  
690.665  442.887  
329.286  455.233  
698.29  558.026  
332.008  366.619  
435.531  326.793  
685.317  325.9  
601.783  688.903  
320.379  673.526  
573.995  333.563  
709.389  629.846  
561.102  702.125  
673.104  695.646  
696.698  393.853  
321.645  613.497  
706.959  418.44  
702.846  523.577  
707.621  680.055  
509.967  697.581  
659.027  317.615  
589.152  317.64  
712.899  351.456  
322.544  391.532  
484.451  324.632  
709.883  482.863  
317.954  493.521  
318.929  409.413  
607.02  712.904  
389.46  713.889  
317.163  647.422  
316.973  430.886  
387.016  319.736  
328.219  313.973  
561.874  317.422  
311.023  518.272  
364.457  323.229  
542.809  300.787  
691.484  717.216  
645.979  712.586  
304.993  476.069  
496.242  314.152  
719.038  574.388  
312.759  340.354  
472.236  710.247  
307.073  369.029  
349.297  303.121  
714.143  304.346  
726.478  452.382  
512.914  714.858  
296.323  629.73  
725.318  499.802  
333.767  724.569  
515.982  298.336  
300.01  707.14  
294.91  544.558  
373.57  305.529  
614.229  302.698  
304.532  314.864  
420.086  301.642  
722.079  385.422  
288.461  593.56  
478.586  293.335  
429.571  732.344  
295.934  453.809  
399.527  296.858  
735.233  696.508  
284.062  413.849  
446.654  296.996  
736.609  597.103  
284.754  666.973  
286.048  389.37  
750.316  638.409  
528.795  736.925  
292.649  505.531  
566.122  288.089  
663.984  288.637  
629.659  285.811  
486.668  735.326  
292.106  566.743  
583.815  292.095  
743.062  714.327  
571.747  747.918  
288.157  729.097  
733.082  521.58  
740.393  541.971  
280.416  435.178  
287.038  352.9  
318.162  289.918  
689.312  280.4  
287.729  492.202  
731.965  406.192  
289.657  292.491  
639.541  740.743  
751.832  669.87  
713.734  750.146  
283.053  326.906  
368.255  285.975  
278.726  692.871  
751.56  323.085  
745.826  353.487  
375.741  749.08  
747.111  423.503  
680.829  754.665  
421.939  276.112  
739.997  304.084  
270.204  527.031  
498.995  276.206  
598.034  275.827  
391.045  281.83  
735.692  273.319  
761.516  381.893  
754.805  480.986  
282.445  754.386  
273.213  468.556  
339.906  273.214  
756.918  559.987  
451.14  758.817  
