526.787  533.918  
487.536  502.632  
512.157  469.965  
553.949  500.571  
506.306  562.927  
473.386  544.026  
471.924  462.183  
457.134  505.02  
583.903  552.308  
553.353  578.574  
452.723  467.054  
492.549  439.558  
453.344  576.523  
544.786  448.547  
579.437  467.162  
573.161  441.049  
489.601  601.557  
426.827  528.162  
460.653  428.009  
598.161  496.217  
594.946  598.935  
427.49  437.564  
424.618  471.617  
534.826  418.804  
530.513  611.825  
436.536  609.628  
602.397  437.704  
618.786  583.431  
408.189  580.209  
573.296  394.088  
570.756  616.062  
423.305  401.042  
494.398  404.419  
470.207  634.124  
631.747  519.351  
409.924  614.649  
620.103  407.012  
631.145  469.66  
388.758  542.855  
396.607  500.979  
623.812  555.787  
395.193  426.949  
628.624  615.668  
460.995  398.517  
600.804  632.483  
383.614  465.149  
636.678  441.487  
378.081  392.479  
529.885  381.716  
374.956  598.187  
562.575  646.158  
416.108  642.234  
509.332  643.716  
502.967  377.91  
652.711  567.136  
604.514  368.484  
653.069  414.935  
626.452  649.139  
450.523  658.289  
375.953  644.096  
444.848  363.071  
641.205  366.457  
479.791  360.48  
652.226  628.323  
404.142  355.874  
664.611  500.42  
659.282  598.575  
358.584  501.444  
367.454  427.746  
536.685  675.168  
651.95  663.344  
601.488  670.951  
669.319  461.014  
675.522  385.158  
542.563  344.204  
349.334  552.255  
673.124  537.999  
363.766  358.953  
493.185  674.922  
355.117  667.241  
681.23  647.212  
574.912  349.468  
421.098  670.563  
513.355  339.184  
344.127  446.765  
575.422  689.042  
622.754  337.651  
339.122  396.796  
640.92  693.179  
677.706  340.939  
330.617  519.115  
688.677  586.406  
684.389  685.872  
334.526  587.621  
690.476  616.65  
697.72  419.696  
392.516  703.947  
416.43  323.97  
434.006  697.561  
699.156  451.387  
471.699  698.565  
325.913  359.73  
455.107  321.207  
595.196  329.911  
351.583  326.405  
516.435  701.138  
325.707  628.057  
697.132  508.075  
314.168  693.594  
377.875  323.42  
313.618  466.159  
638.134  318.004  
487.543  315.521  
704.753  541.351  
346.883  713.623  
321.001  318.569  
568.23  318.019  
712.396  486.867  
714.706  566.03  
327.51  659.952  
311.82  418.697  
620.962  719.422  
710.433  372.976  
716.311  674.055  
712.564  638.188  
297.555  649.216  
307.267  595.6  
712.619  314.537  
672.49  300.855  
694.32  711.845  
295.467  548.473  
539.48  300.137  
608.517  310.145  
566.989  719.826  
431.65  294.722  
722.147  353.935  
725.503  396.344  
300.14  379.845  
302.237  515.385  
728.941  615.464  
728.912  587.484  
515.152  735.476  
390.912  289.439  
512.401  287.17  
661.114  732.197  
472.54  728.693  
353.261  280.863  
579.541  292.364  
735.494  431.341  
737.489  529.015  
738.108  705.857  
442.413  726.131  
737.75  470.623  
289.849  488.839  
734.807  729.686  
297.312  740.416  
285.126  325.355  
638.807  288.146  
301.781  280.881  
612.25  283.987  
751.099  654.425  
694.539  738.1  
261.362  716.695  
737.839  288.629  
379.395  753.17  
432.825  744.861  
330.177  747.824  
277.187  576.121  
746.453  336.554  
280.127  424.382  
701.693  277.396  
272.714  613.581  
456.932  269.552  
483.977  272.58  
626.916  746.546  
574.665  747.09  
757.379  504.56  
753.685  684.572  
268.905  465.371  
746.7  383.32  
267.461  367.164  
472.745  751.684  
755.111  561.596  
257.2  680.141  
322.421  257.717  
420.326  257.116  
587.684  263.508  
265.659  280.654  
559.115  262.401  
757.793  367.702  
739.064  762.182  
416.742  761.352  
653.198  265.192  
761.946  411.633  
767.708  592.519  
255.802  507.747  
765.341  450.511  
535.592  260.296  
676.948  262.897  
673.275  761.147  
250.359  765.696  
259.871  642.41  
774.044  624.454  
256.894  403.775  
772.669  740.263  
726.968  249.367  
762.402  260.746  
511.006  247.822  
633.79  248.919  
623.474  766.39  
537.287  769.928  
768.886  295.709  
706.384  764.491  
502.484  788.559  
240.865  542.061  
778.028  479.308  
311.144  782.013  
391.228  245.527  
776.671  544.128  
459.032  775.514  
605.493  246.269  
782.011  392.051  
780.49  706.776  
249.606  330.398  
776.055  339.885  
577.494  771.102  
222.909  589.586  
363.308  244.525  
699.111  238.345  
360.748  787.65  
232.504  440.691  
293.217  244.781  
426.707  785.595  
670.738  785.264  
253.513  237.923  
232.309  647.896  
485.076  236.628  
798.409  764.129  
228.523  472.328  
665.415  232.058  
752.505  229.16  
722.755  792.494  
622.181  792.021  
782.09  236.896  
798.55  366.423  
798.684  500.711  
799.353  651.049  
767.398  793.565  
224.522  352.662  
223.679  268.238  
460.078  227.588  
794.017  305.849  
799.708  685.71  
340.454  226.89  
794.655  438.035  
541.332  229.801  
574.108  233.569  
