475.965  509.599  
527.198  509.893  
552.04  533.663  
521.488  562.125  
569.097  447.782  
586.363  493.262  
476.824  578.362  
539.586  610.234  
512.495  444.084  
440.866  455.727  
435.815  558.775  
584.973  566.684  
473.549  623.519  
613.438  533.243  
483.855  403.343  
416.827  608.597  
615.113  620.716  
430.83  404.095  
601.838  395.195  
577.663  631.248  
399.13  504.689  
563.341  399.328  
633.546  574.449  
392.759  552.231  
634.958  443.176  
382.359  458.374  
536.578  386.26  
643.774  497.074  
405.928  384.924  
647.24  382.183  
366.983  590.173  
409.049  655.314  
364.382  643.981  
667.748  539.313  
662.193  621.923  
636.563  665.354  
364.096  405.771  
495.839  671.541  
462.476  340.215  
492.98  358.986  
380.449  359.341  
669.836  460.291  
587.213  685.459  
342.734  520.735  
545.969  676.084  
451.017  667.355  
576.246  352.223  
675.241  641.909  
685.69  576.822  
686.09  424.413  
341.324  457.748  
617.98  338.139  
540.205  341.971  
342.081  676.981  
653.105  697.748  
325.019  623.353  
358.425  337.352  
690.69  479.525  
696.337  673.868  
325.947  407.879  
691.29  342.725  
367.735  700.381  
691.508  387.786  
320.48  566.422  
412.155  327.912  
423.512  689.044  
465.464  711.141  
662.991  309.203  
714.848  509.737  
709.958  598.243  
513.731  305.957  
347.999  311.641  
604.536  731.904  
588.886  310.322  
316.069  337.059  
721.284  444.131  
517.941  722.915  
293.571  671.18  
294.023  715.09  
409.795  720.206  
302.668  489.755  
723.068  353.016  
696.357  725.21  
728.513  402.798  
437.081  289.7  
551.443  299.133  
729.357  304.786  
292.584  395.964  
701.812  285.777  
730.546  618.392  
724.852  715.631  
475.338  285.648  
552.203  749.851  
654.215  743.927  
281.341  618.343  
308.898  283.109  
388.823  276.968  
734.192  657.208  
635.719  277.896  
756.482  545.68  
274.019  544.89  
356.53  745.41  
424.586  746.699  
281.937  444.831  
346.143  270.922  
283.463  351.656  
264.97  586.042  
302.341  761.386  
588.723  265.138  
755.938  366.877  
764.829  687.221  
754.063  474.06  
732.526  763.972  
550.02  263.278  
779.485  619.756  
259.353  316.018  
765.908  742.56  
756.707  412.395  
284.365  253.862  
478.887  766.911  
259.862  506.249  
761.814  331.234  
737.924  260.99  
692.208  783.382  
252.797  758.571  
518.042  251.542  
244.266  411.123  
768.781  286.642  
242.193  670.52  
251.051  439.568  
250.489  371.233  
631.761  792.489  
698.966  234.705  
382.216  789.66  
434.9  248.412  
786.773  428.658  
792.773  486.597  
220.79  715.504  
241.832  476.814  
580.043  803.887  
428.626  785.758  
262.354  234.824  
381.905  227.813  
336.714  783.379  
644.587  228.004  
473.907  235.881  
799.534  380.827  
209.529  307.585  
770.291  240.514  
795.098  809.781  
538.642  802.839  
330.174  220.328  
798.238  562.92  
217.084  639.153  
798.174  330.692  
208.061  592.233  
811.359  230.34  
225.173  367.856  
740.47  221.634  
729.124  823.911  
208.79  554.871  
240.997  221.309  
425.067  215.618  
492.947  809.492  
280.857  812.145  
206.614  816.278  
582.356  216.94  
807.959  692.398  
825.69  771.055  
218.285  517.626  
208.726  251.592  
512.07  208.284  
765.588  199.678  
824.57  291.306  
214.789  474.078  
198.201  754.333  
197.319  413.237  
824.207  521.755  
207.835  451.382  
449.163  828.831  
339.056  826.363  
548.408  203.91  
191.688  506.737  
402.186  833.641  
832.52  488.482  
197.657  225.284  
469.635  193.933  
660.25  837.341  
823.958  417.312  
686.705  177.628  
839.671  574.074  
623.622  183.06  
838.185  341.182  
831.983  450.583  
234.309  188.141  
377.898  184.104  
177.273  688.115  
853.143  648.355  
182.937  373.496  
813.841  169.796  
192.741  189.677  
632.356  858.824  
284.269  178.204  
317.876  188.776  
764.657  879.52  
731.871  167.65  
852.569  717.363  
175.387  538.217  
853.042  832.73  
172.491  482.488  
423.186  169.197  
592.228  867.641  
158.421  446.658  
866.345  236.631  
863.819  401.495  
535.422  857.911  
164.158  636.779  
254.108  870.32  
510.011  172.09  
588.011  164.531  
473.447  859.756  
347.667  162.96  
543.387  168.289  
325.59  877.099  
163.92  280.235  
872.185  454.322  
690.695  869.733  
872.623  166.982  
807.056  896.765  
143.319  774.771  
129.159  254.29  
882.075  505.176  
181.079  159.568  
878.035  284.797  
145.161  730.329  
882.864  343.026  
146.337  592.618  
145.297  211.975  
477.09  151.763  
774.473  151.256  
431.953  876.826  
150.137  401.029  
246.48  151.363  
666.215  143.995  
316.583  150.054  
156.989  348.794  
153.205  319.434  
185.247  889.359  
890.779  758.488  
141.762  809.276  
150.014  554.289  
886.444  583.075  
395.499  877.533  
148.104  841.536  
215.143  136.209  
883.473  870.687  
153.179  167.371  
