494.653  502.072  
535.913  510.891  
501.48  533.965  
531.497  479.449  
538.287  534.831  
459.298  516.314  
479.257  468.29  
522.516  560.276  
500.371  467.08  
470.758  557.362  
449.856  484.278  
556.24  560.705  
567.921  499.709  
579.454  538.037  
452.43  539.708  
494.065  573.51  
577.66  460.556  
512.583  443.614  
446.52  444.572  
546.742  439.542  
568.519  588.374  
529.205  594.517  
436.372  564.214  
481.432  430.333  
471.008  597.268  
608.982  568.15  
599.931  501.809  
592.031  429.091  
611.48  468.794  
424.857  591.981  
417.498  529.943  
420.136  460.416  
429.714  418.577  
599.1  605.767  
417.014  505.143  
559.765  410.86  
434.992  612.683  
513.615  407.724  
401.184  557.896  
402.395  475.162  
473.031  405.173  
621.021  529.112  
501.506  622.665  
570.957  618.545  
627.098  445.043  
608.048  400.08  
396.012  615.33  
632.374  421.774  
626.017  616.059  
537.184  626.843  
385.855  583.968  
389.079  437.055  
647.795  577.996  
382.344  406.193  
642.832  485.848  
439.396  388.032  
456.51  639.793  
387.793  510.906  
417.7  639.772  
582.783  649.383  
526.03  382.354  
569.03  382.312  
667.451  390.953  
624.94  646.303  
547.896  646.822  
478.961  375.435  
386.924  646.72  
636.125  375.19  
376.445  471.696  
477.004  654.24  
650.16  545.739  
397.283  372.94  
654.914  516.255  
512.516  658.386  
368.958  542.982  
595.982  367.873  
357.534  630.394  
665.334  429.917  
670.482  609.847  
358.224  606.979  
641.37  663.869  
672.921  459.548  
363.534  664.974  
352.01  490.407  
671.989  634.404  
354.249  518.379  
350.682  386.261  
409.708  672.284  
440.532  352.794  
356.821  457.305  
499.686  354.529  
539.424  348.855  
352.801  582.79  
625.204  352.061  
347.078  355.605  
663.219  334.634  
693.761  357.814  
548.025  675.947  
387.837  349.601  
669.626  668.366  
339.163  426.604  
684.964  533.803  
578.462  342.291  
452.92  688.119  
344.253  550.872  
687.661  489.643  
689.774  575.546  
481.005  681.391  
590.072  687.825  
695.615  642.821  
504.985  693.267  
494.415  335.561  
699.486  675.01  
421.71  693.828  
630.627  693.444  
326.045  678.432  
329.712  648.511  
358.921  328.585  
315.404  454.154  
666.001  697.828  
359.562  699.2  
324.25  489.851  
324.888  566.368  
617.426  319.38  
697.546  422.862  
319.36  596.505  
448.576  319.75  
318.936  532.855  
399.734  317.146  
546.325  697.682  
317.34  628.388  
703.881  452.346  
525.048  309.811  
314.898  386.663  
711.948  604.547  
387.223  713.153  
315.656  349.85  
313.115  315.302  
595.472  712.311  
708.134  327.795  
318.945  711.059  
702.927  709.591  
485.571  302.471  
554.316  316.633  
581.644  311.693  
716.609  496.333  
476.119  713.391  
520.604  714.597  
721.532  387.609  
727.947  529.404  
644.221  719.637  
428.226  724.426  
296.454  415.201  
353.685  300.536  
691.688  303.269  
735.942  460.402  
729.543  562.661  
294.924  663.017  
736.203  419.443  
726.834  635.487  
549.589  721.975  
651.789  294.801  
732.017  309.318  
610.385  727.06  
294.021  486.753  
290.075  568.167  
285.97  526.89  
740.257  353.471  
734.459  672.002  
351.602  740.046  
285.307  699.999  
284.859  635.637  
566.419  738.393  
282.427  603.618  
419.796  292.96  
548.716  288.295  
712.324  739.013  
279.713  375.047  
661.811  750.675  
509.5  739.196  
598.672  283.652  
463.76  734.731  
394.238  743.094  
306.161  742.978  
279.2  345.462  
327.979  280.966  
291.939  280.099  
703.179  277.629  
381.173  282.945  
757.433  582.062  
271.412  309.275  
450.699  271.56  
274.092  457.935  
270.473  431.813  
748.922  495.009  
749.851  690.333  
628.097  745.934  
761.525  645.68  
750.059  715.679  
749.1  746.389  
268.031  728.946  
595.148  760.058  
731.566  262.113  
498.463  263.504  
749.48  618.887  
404.671  265.465  
661.515  266.418  
430.562  759.829  
263.543  479.562  
474.627  762.999  
264.848  561.819  
255.838  396.354  
766.833  387.756  
764.547  271.75  
355.795  260.18  
518.615  762.68  
266.204  763.827  
257.733  680.761  
264.564  272.226  
546.787  262.957  
779.253  536.677  
612.559  260.23  
772.861  312.633  
260.295  503.748  
723.38  772.2  
551.304  768.612  
308.634  259.985  
387.138  764.958  
254.589  646.85  
778.671  464.822  
771.993  423.178  
773.748  506.626  
786.862  601.592  
681.483  778.027  
245.082  611.598  
573.074  246.954  
243.471  338.696  
339.795  780.798  
247.442  580.139  
249.832  533.49  
781.235  356.295  
307.645  774.934  
781.91  736.765  
286.209  241.592  
778.198  673.576  
751.637  790.335  
785.771  696.487  
612.491  786.247  
242.7  369.244  
234.726  289.385  
244.739  252.178  
232.21  715.29  
683.205  245.907  
450.09  240.961  
333.87  236.935  
234.711  434.224  
377.799  233.504  
