525.27  512.248  
495.001  536.245  
528.091  481.171  
465.745  505.62  
561.157  532.841  
460.303  476.55  
537.211  564.311  
582.632  497.219  
488.032  569.84  
504.289  455.719  
444.89  569.819  
447.167  535.863  
555.199  446.287  
468.498  437.952  
587.193  554.97  
598.162  459.913  
561.825  594.885  
416.668  447.643  
501.744  592.695  
585.086  425.399  
408.52  548.85  
419.44  510.978  
441.769  605.668  
617.725  519.225  
522.161  421.464  
409.041  482.041  
626.418  559.789  
407.729  587.693  
425.003  410.7  
488.672  614.369  
627.834  594.429  
470.817  403.989  
585.297  627.024  
613.328  408.305  
396.159  616.418  
535.062  396.144  
637.005  475.443  
388.1  575.222  
386.27  424.773  
524.644  637.882  
644.772  437.303  
380.359  460.103  
644.19  633.197  
382.245  505.988  
573.708  379.865  
463.053  645.341  
364.037  524.232  
659.411  395.098  
366.854  400.301  
416.931  380.814  
427.5  635.5  
360.025  645.576  
622.492  369.572  
468.867  376.945  
658.783  516.929  
409.4  654.496  
361.652  370.763  
354.195  552.287  
357.369  477.526  
357.931  598.342  
506.206  359.254  
361.295  446.592  
560.326  662.909  
685.308  578.483  
673.271  484.71  
679.096  544.928  
645.864  673.122  
339.563  577.61  
598.206  683.874  
410.542  356.002  
562.298  351.569  
662.402  350.693  
339.116  427.637  
501.528  677.454  
694.91  416.109  
686.817  447.23  
448.511  346.21  
334.461  614.21  
699.467  357.615  
447.172  681.08  
364.733  349.957  
406.2  685.103  
698.358  663.558  
328.359  667.941  
322.624  492.965  
715.044  603.998  
596.32  340.104  
368.2  687.697  
627.882  327.468  
327.677  383.76  
314.949  452.066  
531.098  327.056  
317.754  524.839  
708.956  510.596  
726.33  630.508  
392.477  328.652  
484.441  323.339  
342.945  328.29  
713.391  469.17  
541.87  704.533  
313.193  344.345  
324.024  692.461  
715.363  383.381  
667.695  710.223  
310.45  410.42  
670.02  318.592  
571.177  310.265  
484.231  702.52  
436.112  317.214  
718.893  321.509  
437.583  719.841  
724.287  700.399  
398.202  719.445  
351.032  717.683  
601.274  729.074  
294.016  619.898  
293.333  591.092  
283.777  540.205  
290.32  648.054  
286.582  358.923  
291.426  566.969  
292.676  314.301  
389.422  303.37  
290.234  703.363  
289.741  473.178  
337.367  302.998  
743.416  439.777  
286.561  391.429  
735.829  536.377  
613.94  290.421  
474.624  735.821  
307.382  736.234  
519.528  291.832  
472.556  292.575  
277.185  430.229  
712.822  295.092  
744.023  568.449  
442.187  289.876  
677.694  290.559  
747.562  402.861  
530.841  744.664  
749.315  488.901  
270.687  673.201  
651.095  283.135  
407.243  281.161  
724.744  747.8  
751.675  345.194  
344.453  278.94  
269.829  498.356  
288.73  277.663  
750.399  288.785  
757.897  656.262  
665.262  750.114  
349.961  754.321  
565.808  272.327  
711.327  271.324  
395.035  758.053  
763.178  308.887  
255.385  296.417  
260.976  733.788  
749.618  260.713  
776.72  368.148  
250.506  327.816  
499.027  262.709  
460.528  268.664  
779.451  694.524  
256.594  459.166  
667.447  252.941  
594.279  768.444  
436.993  764.634  
362.085  260.929  
251.299  612.16  
788.861  596.178  
283.72  767.349  
244.789  703.887  
303.804  251.545  
441.399  244.295  
622.698  254.707  
781.132  510.47  
789.621  733.754  
235.245  582.091  
243.595  378.307  
782.894  534.529  
413.743  254.87  
240.715  516.456  
243.278  556.728  
255.329  269.76  
237.055  761.554  
240.88  410.354  
473.485  775.823  
241.04  641.718  
791.332  629.883  
521.73  238.163  
310.752  778.681  
592.158  238.74  
786.53  420.092  
791.787  781.312  
730.536  793.789  
525.714  781.809  
555.999  243.112  
704.059  242.571  
789.977  483.796  
657.377  794.731  
789.169  277.124  
793.2  454.207  
228.528  348.744  
371.044  239.875  
263.4  234.893  
799.907  560.732  
806.407  668.51  
393.64  241.079  
782.538  242.371  
414.65  798.038  
363.001  790.968  
238.299  255.367  
799.576  317.249  
222.507  438.897  
227.02  474.183  
732.043  228.782  
337.885  230.123  
473.199  224.181  
267.969  804.76  
218.485  668.678  
653.496  215.542  
819.187  384.81  
233.795  226.781  
211.58  300.817  
222.344  274.949  
577.766  807.132  
495.733  805.169  
308.267  221.876  
760.587  214.165  
211.032  233.394  
338.75  809.45  
399.603  221.212  
611.709  215.302  
209.885  606.253  
199.024  727.843  
199.266  519.275  
206.694  810.428  
558.429  214.202  
791.984  203.626  
281.245  207.537  
695.327  208.873  
819.549  245.83  
819.064  348.19  
192.227  694.098  
428.96  205.657  
196.3  482.629  
355.265  201.282  
454.54  826.1  
197.581  380.242  
840.396  646.14  
188.502  769.191  
202.78  556.025  
842.887  807.677  
190.275  638.435  
