530.793  512.203  
493.689  524.317  
492.942  492.461  
529.972  543.543  
520.67  481.413  
558.01  500.081  
471.471  540.116  
501.078  554.476  
466.268  503.186  
567.071  476.523  
466.54  469.484  
564.198  542.464  
515.411  462.411  
549.212  449.437  
478.56  446.432  
467.953  564.692  
528.311  576.513  
580.162  527.586  
564.862  580.667  
589.475  568.943  
498.207  583.705  
436.588  547.248  
437.088  510.035  
432.097  477.816  
461.933  586.739  
592.142  455.284  
432.793  448.122  
514.343  435.773  
429.125  527.593  
595.083  507.154  
452.058  426.896  
602.234  592.083  
570.26  427.7  
604.222  552.442  
418.032  573.499  
606.544  484.338  
611.785  433.707  
561.71  609.666  
426.82  417.101  
545.599  422.865  
595.787  411.954  
440.209  606.323  
480.868  412.348  
542.036  624.488  
500.368  619.151  
516.841  411.639  
403.839  426.543  
626.503  538.161  
403.692  601.565  
612.373  618.28  
464.478  619.759  
400.369  450.172  
395.121  498.018  
629.926  513.08  
431.153  626.393  
541.463  400.074  
571.626  398.465  
437.746  393.85  
401.484  529  
395.691  401.195  
631.644  459.506  
381.824  466.967  
637.159  411.132  
641.757  578.143  
635.212  602.94  
393.274  630.552  
383.942  550.271  
608.397  383.034  
640.326  486.099  
592.557  639.747  
472.936  386.717  
511.688  384.805  
402.488  383.572  
642.616  390.765  
645.763  434.286  
529.397  644.686  
376.947  578.059  
489.925  652.611  
377.548  515.071  
370.279  433.711  
638.673  654.678  
426.772  642.605  
548.088  377.936  
368.188  410.003  
662.893  637.075  
362.435  603.154  
366.039  375.863  
475.082  677.582  
485.488  362.068  
572.535  367.696  
646.42  371.178  
394.98  663.014  
656.863  550.245  
610.842  653.466  
665.289  468.369  
582.075  668.621  
667.193  501.152  
361.87  647.627  
446.737  363.278  
428.476  666.871  
414.379  361.139  
668.181  451.004  
662.238  606.311  
377.507  355.832  
345.382  515.221  
525.647  359.819  
674.058  529.047  
666.617  390.1  
673.704  570.245  
347.016  538.4  
676.624  416.061  
540.53  668.889  
338.317  487.015  
338.474  464.883  
621.93  350.785  
626.174  682.696  
583.453  349.104  
688.008  351.661  
680.77  673.815  
334.992  558.779  
341.288  391.089  
334.924  439.982  
550.776  352.756  
659.052  343.182  
698.056  626.041  
699.589  597.466  
391.632  685.975  
374.544  692.47  
460.24  337.38  
687.991  439.05  
527.002  687.826  
331.143  358.085  
691.815  372.869  
502.86  335.079  
386.991  336.797  
324.086  651.322  
325.898  618.148  
328.121  416.179  
542.545  341.471  
695.174  483.751  
418.769  333.307  
689.22  396.251  
701.346  548.873  
344.927  330.083  
673.23  699.04  
569.814  702.016  
460.538  703.026  
426.759  689.031  
322.996  580.742  
353.367  708.634  
606.308  328.677  
567.645  322.87  
708.553  664.547  
708.218  462.141  
309.989  675.644  
712.073  516.167  
647.354  323.544  
722.465  574.231  
531.915  317.152  
680.266  322.152  
442.824  314.378  
432.76  717.817  
718.482  703.408  
702.992  316.972  
600.486  717.041  
307.368  383.321  
311.974  331.814  
723.416  384.433  
723.405  422.944  
536.875  722.421  
382.681  316.952  
631.367  718.908  
320.909  306.505  
356.193  299.124  
304.015  523.068  
299.217  488.299  
478.865  309.485  
633.872  303.03  
727.397  334.775  
663.941  723.507  
340.321  743.295  
409.74  305.984  
733.686  646.545  
504.554  306.602  
606.158  308.705  
497.084  722.087  
393.744  730.737  
727.77  493.633  
667.998  302.065  
728.326  359.396  
292.375  441.162  
579.014  303.482  
697.715  733.415  
292.829  709.598  
291.591  352.341  
737.145  300.727  
289.442  593.554  
282.416  537.92  
287.933  404.284  
380.323  286.915  
548.059  298.157  
703.474  291.987  
741.246  474.435  
286.078  307.194  
458.028  289.931  
746.88  539.188  
751.171  684.946  
481.774  741.707  
747.276  621.722  
431.605  286.512  
594.147  293.184  
616.213  285.743  
727.086  741.684  
273.15  619.66  
276.86  562.955  
484.833  283.171  
516.965  283.811  
748.975  446.526  
320.234  284.358  
586.031  752.183  
443.497  754.836  
310.097  756.408  
271.053  326.474  
402.325  281.689  
570.382  283.543  
656.698  279.315  
292.786  274.033  
654.343  749.449  
269.633  653.727  
758.507  599.834  
758.682  723.88  
753.923  503.865  
543.186  274.287  
270.169  374.096  
620.731  758.024  
539.533  754.782  
599.77  275.275  
401.344  767.104  
264.397  729.443  
265.873  498.906  
270.787  281.258  
694.081  266.556  
746.984  274.861  
262.962  464.714  
259.619  680.65  
328.796  266.559  
763.653  320.158  
761.591  353.155  
772.241  379.362  
765.616  755.449  
356.166  257.643  
458.331  263.275  
768.9  571.386  
576.114  262.237  
768.936  409.421  
781.344  648.183  
423.016  260.636  
