522.305  500.962  
479.651  528.483  
521.34  541.089  
490.729  485.469  
551.615  472.988  
562.781  519.446  
548.63  560.514  
498.416  569.106  
521.974  449.391  
484.441  446.848  
449.337  492.822  
448.12  552.321  
453.029  439.147  
472.993  585.026  
582.972  449.014  
570.981  585.556  
532.002  593.521  
588.532  550.515  
591.332  487.581  
440.769  591.475  
561.464  422.747  
606.574  516.659  
416.851  515.503  
417.619  463.38  
499.484  614.017  
435.903  422.722  
607.343  587.369  
418.689  558.458  
409.545  592.852  
417.875  417.485  
538.611  406.532  
461.971  613.974  
507.405  398.381  
612.363  417.643  
583.26  618.017  
619.965  456.35  
482.414  388.795  
625.09  547.088  
553.417  628.581  
589.058  393.259  
429.746  632.243  
617.026  625.448  
448.563  388.021  
387.379  448.875  
638.26  484.581  
392.745  633.991  
392.7  406.723  
513.948  644.55  
385.237  551.867  
381.447  496.702  
629.433  380.611  
646.485  578.232  
466.321  648.25  
566.094  368.115  
645.95  420.013  
651.758  514.997  
424.581  367.843  
535.437  369.692  
643.38  646.488  
372.887  593.795  
400.39  358.903  
656.574  615.646  
586.538  657.057  
377.658  364.983  
415.618  669.275  
661.959  538.734  
669.125  447.904  
548.407  664.208  
442.884  666.175  
365.651  411.744  
606.241  344.217  
668.844  369.829  
354.984  627.955  
622.503  669.47  
477.679  348.16  
375.028  669.477  
355.555  462.772  
352.471  534.323  
674.656  404.813  
486.058  674.07  
360.226  564.689  
644.165  343.932  
673.651  484.695  
355.489  368.996  
677.158  649.181  
661.993  674.712  
529.349  333.597  
449.719  335.577  
681.883  551.875  
511.538  682.169  
338.157  664.902  
554.211  338.49  
680.941  583.932  
337.983  581.453  
341.125  502.978  
510.305  316.321  
399.164  692.156  
335.492  429.057  
690.856  614.757  
571.607  696.349  
466.315  693.365  
604.907  689.598  
695.008  508.031  
539.406  690.865  
349.32  334.085  
358.674  708.938  
328.515  378.302  
583.254  311.776  
672.044  318.049  
699.156  336.791  
704.42  420.404  
371.087  327.293  
439.818  705.442  
422.69  317.055  
676.01  706.3  
638.079  702.28  
329.354  474.21  
703.027  463.083  
706.965  668.962  
707.668  376.518  
317.586  550.269  
391.916  315.248  
707.988  561.15  
313.215  701.903  
313.391  615.283  
311.825  341.713  
500.332  711.755  
345.633  304.991  
711.971  526.706  
713.967  634.132  
308.642  507.28  
644.529  298.732  
714.761  589.26  
484.504  286.993  
721.618  699.741  
302.985  457.687  
308.902  411.553  
320.84  291.77  
536.71  718.92  
594.376  723.701  
306.972  662.176  
560.459  288.841  
704.501  298.251  
401.921  721.336  
732.43  479.529  
472.371  728.188  
289.481  579.701  
373.547  283.167  
451.29  290.961  
618.508  288.927  
313.116  740.286  
737.207  322.096  
737.529  355.04  
731.342  428.985  
701.024  740.308  
627.507  735.495  
745.435  606.651  
734.445  540.081  
435.827  738.09  
289.459  385.085  
412.993  280.35  
737.757  291.5  
737.007  448.074  
559.375  743.319  
293.393  302.005  
535.198  278.19  
746.058  733.314  
658.416  739.702  
746.898  393.054  
738.347  509.561  
747.696  566.771  
748.252  646.052  
513.025  742.606  
281.954  650.234  
281.254  543.803  
287.962  428.505  
283.281  689.406  
680.343  269.752  
278.514  347.817  
278.022  500.055  
349.319  750.85  
272.942  613.732  
396.148  751.459  
273.471  718.618  
761.853  681.38  
273.041  763.649  
265.792  465.951  
297.445  260.375  
478.785  762.3  
271.829  423.07  
262.256  315.758  
353.012  255.507  
760.019  526.014  
445.154  261.19  
602.328  257.738  
718.288  254.024  
596.849  763.372  
763.585  458.089  
391.95  252.162  
513.499  251.693  
673.34  770.071  
765.921  330.921  
768.362  423.525  
762.185  495.884  
265.734  251.556  
757.276  262.472  
260.31  386.991  
440.178  773.889  
255.932  665.5  
631.212  766.315  
256.631  578.763  
631.252  255.969  
523.713  768.596  
373.655  778.641  
566.723  229.675  
659.736  239.541  
775.249  288.777  
783.289  353.905  
780.482  742.024  
712.898  777.963  
254.715  545.075  
560.397  772.346  
476.5  238.194  
592.101  230.552  
779.549  574.595  
788.728  606.203  
749.755  789.041  
325.934  235.225  
246.938  514.72  
245.301  430.022  
338.995  790.108  
307.013  788.301  
234.627  696.246  
425.855  238.533  
243.253  739.458  
538.061  234.841  
241.955  617.766  
787.997  468.983  
791.826  542.193  
239.039  289.989  
793.359  394.086  
795.69  504.33  
792.276  643.226  
645.01  789.814  
508.425  790.783  
410.783  797.396  
792.234  246.296  
796.16  692.053  
234.764  476.817  
752.043  226.353  
233.025  392.789  
797.232  781.116  
231.441  783.855  
225.605  363.672  
795.324  309.373  
375.227  236.118  
539.325  798.271  
