516.446  510.092  
473.203  518.205  
543.153  539.496  
478.376  472.593  
496.23  555.63  
522.402  468.889  
565.081  505.15  
530.984  572.404  
558.364  448.364  
445.167  557.083  
576.359  557.882  
419.868  488.627  
434.08  447.083  
569.887  592.206  
462.857  420.988  
508.474  424.953  
597.321  463.992  
500.721  598.447  
425.353  598.215  
580.005  415.923  
611.941  538.106  
622.477  594.816  
544.1  608.779  
601.104  502.759  
469.195  628.077  
416.184  415.827  
619.892  431.051  
592.739  636.274  
543.518  386.05  
631.756  484.001  
387.352  562.545  
377.995  509.533  
398.025  625.628  
515.535  640.358  
504.032  379.893  
585.328  380.035  
630.495  388.952  
394.925  388.711  
383.011  438.592  
473.312  380.051  
435.676  380.545  
550.242  642.939  
425.548  655.704  
659.006  513.396  
656.832  656.027  
661.498  560.04  
359.532  596.989  
367.628  461.719  
361.874  394.735  
380.916  663.653  
658.25  446.642  
650.751  366.641  
574.823  674.519  
603.607  342.692  
674.925  408.966  
464.668  682.324  
677.566  610.793  
343.673  347.283  
391.161  354.124  
437.967  341.943  
505.232  689.392  
672.191  341.395  
340.343  542.131  
564.246  338.525  
542.087  690.335  
336.677  420.107  
684.386  470.715  
621.479  690.183  
525.783  339.081  
338.872  656.154  
635.718  341.638  
333.121  500.394  
319.527  610.202  
481.114  335.711  
331.424  462.875  
704.832  530.826  
703.935  393.069  
684.961  703.258  
394.977  324.156  
374.682  709.894  
320.649  684.911  
426.268  714.576  
713.522  598.458  
309.756  556.825  
308.14  368.077  
358.56  308.901  
720.978  657.946  
716.231  442.396  
716.853  482.219  
612.412  293.88  
704.113  301.359  
582.727  718.604  
478.044  283.32  
721.733  352.73  
297.1  499.502  
572.442  297.855  
535.486  298.035  
670.388  290.409  
311.782  297.192  
430.653  297.272  
291.792  411.676  
352.577  733.966  
630.723  736.36  
486.275  736.678  
640.002  284.3  
306.661  735.959  
539.971  737.325  
289.442  634.998  
289.602  324.896  
287.903  451.887  
391.325  277.979  
745.787  564.404  
739.357  720.859  
286.728  686.864  
744.131  315.715  
743.981  402.161  
695.267  747.912  
271.902  521.032  
727.821  278.843  
760.669  508.078  
277.869  575.412  
407.826  769.575  
758.087  451.396  
769.991  629.391  
349.606  267.35  
266.524  698.668  
449.037  761.202  
263.405  367.056  
600.609  765.027  
253.285  285.935  
770.714  683.83  
529.399  253.233  
763.735  361.249  
257.808  749.887  
256.931  659.261  
255.363  462.251  
316.036  262.771  
579.938  248.422  
767.717  283.757  
247.67  326.208  
247.335  598.155  
272.025  263.03  
691.256  243.346  
733.862  259.284  
746.923  772.711  
522.097  784.969  
252.346  550.04  
365.227  781.933  
657.049  777.807  
286.162  246.458  
566.552  781.164  
424.802  247.349  
765.423  254.077  
246.031  401.897  
647.818  235.829  
309.379  789.713  
794.579  749.299  
612.966  229.2  
784.25  330.654  
778.988  404.446  
483.469  784.668  
231.918  628.569  
796.775  579.595  
701.7  782.614  
247.243  241.636  
236.448  503.312  
361.602  234.234  
791.382  301.447  
801.927  486.603  
347.851  808.321  
319.777  225.761  
800.282  435.377  
780.869  804.043  
490.646  235.97  
213.237  686.995  
391.111  223.101  
730.407  230.21  
247.48  801.439  
219.461  420.08  
813.032  376.358  
806.002  239.358  
452.113  818.92  
458.323  229.261  
772.213  228.335  
210.668  343.96  
218.755  529.085  
211.242  457.381  
815.391  702.826  
550.094  215.546  
812.837  271.198  
215.579  561.116  
722.318  812.673  
609.259  813.679  
209.026  252.022  
652.265  810.251  
272.463  209.628  
292.636  811.341  
227.797  214.909  
479.434  216.731  
199.899  746.359  
825.541  546.092  
427.297  212.583  
214.119  385.646  
684.766  823.968  
224.219  825.871  
210.657  303.226  
825.717  648.408  
563.661  826.254  
414.505  830.196  
507.108  206.418  
796.905  201.474  
492.626  828.184  
828.761  314.607  
664.546  197.947  
195.27  282.454  
765.128  200.487  
189.624  776.864  
699.327  193.17  
192.249  491.735  
582.354  192.043  
829.404  808.344  
735.406  199.359  
825.817  201.148  
354.797  199.558  
180.994  635.977  
187.252  588.816  
455.325  189.465  
286.322  841.738  
753.505  845.416  
531.309  840.242  
182.719  219.127  
614.447  173.701  
839.417  441.628  
841.073  512.046  
191.767  192.919  
309.053  183.009  
187.15  418.757  
637.795  840.18  
804.407  859.654  
380.926  847.923  
232.51  176.569  
385.976  181.428  
418.766  181.008  
333.616  850.911  
556.249  190.928  
176.18  804.239  
179.113  364.516  
491.276  183.667  
844.848  596.306  
525.383  178.788  
165.335  530.475  
846.958  231.477  
845.056  754.487  
170.923  386.863  
171.298  305.428  
857.148  352.23  
782.105  161.734  
