482.227  516.362  
543.596  509.622  
506.839  483.299  
535.689  549.723  
558.814  469.725  
478.954  561.929  
476.443  458.302  
444.393  479.954  
515.006  446.354  
596.313  539.211  
582.519  584.004  
594.879  499.797  
524.876  600.509  
428.527  441.262  
421.518  568.992  
419.56  519.58  
568.964  422.326  
609.586  434.375  
469.69  619.005  
621.306  468.977  
473.451  421.742  
413.753  621.868  
525.276  404.642  
626.587  596.56  
411.588  395.044  
564.074  637.406  
387.097  473.606  
454.197  389.769  
636.814  393.616  
376.483  423.178  
643.299  511.709  
613.637  649.093  
493.273  381.57  
652.867  554.684  
584.752  380.927  
365.612  601.088  
506.403  673.27  
651.167  434.103  
369.126  555.173  
352.183  513.806  
681.35  595.11  
373.966  665.366  
535.406  370.791  
358.065  375.388  
674.337  649.6  
436.853  677.112  
413.701  351.588  
685.948  491.829  
659.853  356.121  
620.409  351.646  
464.047  350.865  
685.139  455.425  
567.381  348.624  
339.184  456.84  
506.565  339.293  
692.74  415.741  
562.243  700.932  
695.859  384.588  
621.861  703.423  
325.67  635.499  
367.504  331.245  
324.33  338.748  
704.326  534.496  
683.055  694.337  
318.072  416.245  
316.428  566.813  
330.802  705.259  
548.714  320.86  
693.078  324.466  
596.788  319.377  
437.553  317.026  
643.728  318.583  
711.701  357.429  
301.68  605.803  
296.06  673.663  
457.272  726.238  
306.41  482.455  
389.088  729.79  
302.962  380.59  
393.276  299.583  
472.393  306.325  
744.576  611.506  
746.528  655.516  
292.049  537.551  
743.568  562.716  
301.608  507.364  
335.907  297.622  
514.83  299.319  
740.538  704.583  
742.387  443.288  
285.652  460.32  
735.035  487.591  
660.342  736.642  
666.889  289.421  
750.632  330.744  
508.854  750.894  
560.409  292.373  
711.865  286.596  
744.218  300.44  
754.775  401.637  
276.328  731.674  
281.063  294.049  
279.067  342.694  
606.54  291.202  
579.258  758.73  
269.002  437.662  
706.578  750.542  
324.176  760.039  
428.031  273.884  
757.076  366.949  
267.703  645.099  
474.75  278.806  
781.293  520.376  
254.474  409.353  
582.571  271.186  
258.531  584.956  
636.385  269.34  
376.986  262.628  
523.262  273.843  
321.058  263.337  
261.61  517.58  
767.178  271.696  
771.285  744.943  
248.414  490.381  
546.989  260.983  
249.951  381.302  
692.995  252.828  
749.822  245.229  
481.419  257.611  
448.483  783.59  
274.91  254.683  
793.063  472.472  
381.004  786.959  
240.145  626.947  
231.038  552.248  
610.178  241.55  
241.268  686.239  
236.929  340.69  
694.215  791.641  
436.601  248.584  
511.566  241.146  
635.037  782.71  
257.821  788.767  
570.475  242.159  
238.09  257.968  
797.362  673.005  
351.376  226.758  
800.347  293.117  
810.506  564.536  
523.834  808.141  
664.404  227.159  
801.035  335.288  
763.186  791.225  
226.623  459.508  
232.104  295.399  
804.145  421.093  
302.613  228.435  
815.246  703.183  
394.865  233.521  
465.457  227.554  
815.198  606.247  
225.862  746.657  
811.544  247.165  
818.346  371.618  
256.247  217.051  
550.277  219.751  
215.589  518.358  
219.844  595.809  
209.652  431.787  
581.764  821.171  
311.263  809.405  
215.327  650.675  
425.05  213.402  
722.806  214.232  
787.093  211.319  
200.55  715.695  
824.049  790.606  
596.443  204.418  
832.357  631.822  
829.321  745.349  
187.792  786.711  
201.019  277.16  
197.858  240.323  
458.592  842.439  
208.938  210.818  
199.233  485.673  
637.995  197.377  
695.038  838.881  
502.379  201.998  
194.018  392.606  
393.19  843.076  
171.055  668.761  
195.25  348.897  
387.758  196.236  
627.882  849.781  
211.561  831.238  
328.096  845.939  
190.544  317.477  
744.446  845.128  
178.235  619.719  
455.975  179.959  
842.652  205.69  
262.535  835.034  
308.874  199.522  
196.443  598.117  
856.621  438.905  
535.011  170.637  
812.199  841.263  
764.237  185.451  
338.197  183.422  
678.046  182.32  
863.517  481.347  
855.086  523.961  
173.287  576.918  
180.208  539.038  
573.129  174.683  
275.621  187.431  
237.207  181.151  
855.398  328.498  
860.022  654.489  
850.966  297.065  
178.751  461.975  
722.741  176.528  
157.434  750.681  
186.974  179.933  
810.472  175.516  
860.901  269.351  
871.593  387.786  
165.694  426.197  
162.343  507.719  
287.587  170.687  
877.045  562.5  
164.006  269.981  
410.353  165.408  
169.151  214.107  
152.526  831.94  
867.077  240.553  
490.151  152.532  
618.31  163.717  
511.958  872.039  
157.51  307.676  
161.334  373.504  
876.068  695.58  
883.455  824.386  
873.077  171.617  
885.953  784.788  
358.941  151.916  
562.334  880.107  
848.792  869.691  
251.074  873.812  
137.002  353.865  
664.885  147.553  
760.693  154.836  
184.125  873.969  
893.974  737.305  
136.195  711.278  
134.902  246.402  
