497.435  517.449  
548.272  515.995  
512.974  484.824  
506.852  545.261  
462.027  498.371  
454.948  541.858  
485.385  464.084  
552.641  567.119  
561.61  458.57  
495.055  572.238  
429.226  469.444  
473.12  438.159  
522.669  431.103  
608.322  490.162  
598.847  538.886  
442.598  584.893  
429.899  431.274  
417.795  517.991  
594.006  615.592  
481.156  598.012  
535.344  608.967  
612.578  440.789  
624.763  567.189  
397.004  564.383  
576.444  406.993  
440.453  625.691  
402.883  606.623  
481.237  408.606  
383.151  496.061  
401.628  408.005  
489.817  639.319  
443.594  401.437  
521.443  396.874  
380.841  459.401  
645.877  419.051  
641.719  603.85  
608.599  377.969  
651.247  524.318  
543.252  649.691  
369.575  430.445  
415.326  373.02  
666.812  468.175  
386.073  654.498  
482.621  378.577  
637.511  657.935  
351.652  530.624  
353.695  389.529  
361.23  615.463  
551.485  364.513  
670.339  391.623  
444.675  674.171  
682.366  568.287  
676.588  619.729  
579.2  684.262  
679.472  357.019  
512.23  353.354  
475.5  343.421  
613.212  333.763  
506.862  689.298  
338.523  574.971  
371.446  339.213  
705.496  649.548  
328.335  658.197  
329.038  462.175  
679.248  697.058  
321.751  492.046  
429.003  326.192  
710.624  422.636  
392.643  702.957  
344.393  700.56  
702.049  517.103  
318.455  434.168  
714.741  455.368  
535.411  323.031  
308.577  353.316  
326.836  322.254  
312.381  622.702  
681.378  322.062  
612.578  727.16  
443.119  719.817  
303.067  555.604  
732.469  596.278  
292.438  391.829  
731.593  390.017  
529.957  721.271  
290.051  684.583  
485.155  294.221  
738.629  488.896  
365.167  294.91  
726.92  314.867  
276.674  530.176  
285.922  597.51  
752.512  351.906  
738.739  550.426  
312.833  731.01  
564.701  290.847  
637.238  287.437  
552.56  737.032  
727.779  733.965  
412.106  286.956  
307.978  285.289  
482.34  746.157  
759.26  690.812  
270.349  473.524  
693.567  285.036  
270.006  315.695  
738.002  287.505  
674.59  751.6  
363.301  748.852  
260.524  648.415  
413.049  753.906  
259.699  433.17  
758.692  520.057  
245.915  510.28  
760.502  638.25  
517.356  254.849  
256.382  721.215  
298.663  763.466  
774.329  467.013  
242.744  571.731  
769.473  437.862  
345.457  249.507  
454.405  251.076  
561.089  777.528  
572.285  251.434  
232.282  750.327  
785  268.998  
619.874  783.208  
234.304  344.885  
704.101  261.028  
245.157  274.037  
499.471  781.819  
803.693  423.175  
773.087  780.803  
407.865  240.599  
611.87  245.987  
778.75  320.359  
731.919  239.516  
783.757  575.955  
655.738  252.324  
791.159  732.85  
228.625  679.413  
724.596  780.204  
789.09  303.394  
786.824  388.371  
239.853  615.982  
242.68  389.737  
276.703  239.878  
334.707  784.617  
796.31  510.17  
436.143  785.364  
383.849  785.822  
255.499  775.334  
815.184  616.99  
810.59  548.048  
215.566  467.439  
665.003  222.701  
790.588  217.271  
678.695  804.481  
808.653  345.467  
287.997  801.331  
198.494  241.428  
239.736  790.944  
213.322  309.789  
819.594  660.881  
199.187  502.253  
520.652  216.376  
206.057  415.639  
826.56  494.774  
245.878  201.547  
204.528  646.484  
196.018  555.204  
522.656  821.562  
314.866  199.365  
615.162  216.644  
200.711  711.962  
578.95  217.438  
464.624  821.848  
345.61  822.796  
448.59  211.994  
403.88  820.031  
187.267  772.459  
192.97  369.397  
819.808  812.719  
571.789  827.621  
386.184  203.629  
240.373  815.005  
198.095  600.043  
827  389.826  
740.452  819.619  
837.069  764.368  
843.28  461.935  
194.778  277.588  
847.785  285.665  
845.598  703.446  
691.942  198.325  
733.539  195.416  
843.638  334.592  
173.022  802.876  
630.258  833.123  
857.684  591.574  
854.289  243.672  
867.018  536.67  
190.746  195.635  
779.123  843.727  
171.687  534.526  
609.96  201.281  
290.497  839.922  
569.247  198.264  
456.199  181.881  
517.096  181.4  
213.534  848.339  
163.99  630.13  
172.079  457.475  
163.912  332.882  
624.811  167.435  
842.985  203.154  
854.294  373.314  
695.853  847.723  
430.702  860.375  
159.307  738.026  
807.33  175.712  
355.079  170.01  
570.162  178.945  
851.616  839.975  
165.765  290.716  
160.006  665.616  
142.512  698.335  
359.713  863.811  
752.912  166.43  
871.947  314.539  
695.023  162.789  
157.964  410.356  
402.13  162.768  
850.773  158.96  
875.296  435.825  
589.45  868.096  
276.367  162.896  
214.293  160.891  
511.535  866.427  
271.668  869.479  
136.966  835.932  
161.366  151.238  
151.35  600.026  
870.146  406.844  
891.439  500.966  
825.789  867.437  
142.464  310.089  
893.14  653.249  
887.992  799.738  
146.46  498.752  
753.768  876.377  
141.794  878.527  
141.152  199.101  
559.156  151.202  
319.435  148.068  
651.126  877.732  
