495.538  518.374  
543.952  536.904  
536.601  467.361  
469.277  496.834  
474.736  433.443  
456.456  568.939  
497.77  582.858  
601.323  495.524  
425.592  530.8  
422.87  467.265  
600.002  565.625  
569.07  414.085  
543.943  602.425  
522.919  409.982  
608.928  430.335  
420.565  410.048  
430.238  609.071  
576.573  621.166  
467.133  621.044  
399.282  585.185  
618.564  617.334  
508.075  633.373  
394.94  624.974  
361.102  432.744  
649.046  461.082  
367.123  497.21  
642.077  397.383  
487.813  366.108  
611.411  366.282  
424.654  644.501  
658.595  570.891  
367.113  545.597  
544.212  650.433  
394.18  360.662  
447.987  353.574  
663.272  519.705  
664.881  630.516  
539.371  359.428  
590.659  665.349  
448.968  655.823  
361.36  587.999  
479.672  661.982  
353.699  636.828  
392.567  671.236  
666.614  350.872  
512.31  674.326  
632.501  688.372  
585.353  327.86  
692.55  387.404  
343.323  356.317  
456.942  679.894  
678.525  687.562  
427.316  691.993  
703.9  444.193  
542.072  691.762  
350.885  690.09  
511.451  293.614  
638.597  298.995  
310.897  526.516  
715.767  567.68  
476.108  718.781  
319.153  581.78  
712.221  660.325  
312.029  469.597  
715.453  504.841  
298.924  662.623  
424.296  283.439  
701.367  296.612  
371.041  280.346  
310.686  414.144  
582.473  721.763  
388.287  716.388  
472.458  272.567  
316.043  289.443  
306.405  708.046  
561.666  267.659  
303.363  609.521  
732.515  615.595  
721.441  721.665  
672.207  719.165  
524.816  729.106  
342.937  729.214  
291.793  372.64  
742.64  324.577  
423.822  740.463  
630.486  742.011  
289.654  735.418  
754.081  381.654  
753.609  448.295  
267.533  287.692  
760.521  687.797  
269.484  615.071  
269.307  496.715  
694.212  765.798  
269.143  429.388  
269.765  558.623  
757.938  251.758  
764.626  523.904  
552.806  760.737  
377.817  755.89  
251.67  699.394  
614.481  216.551  
318.419  755.465  
755.247  763.941  
442.475  775.314  
495.883  772.027  
252.94  371.698  
772.868  598.616  
263.57  760.791  
620.037  782.309  
239.652  733.726  
793.456  304.133  
657.454  229.407  
222.828  644.353  
799.439  636.36  
799.134  742.333  
227.73  583.441  
214.412  331.649  
317.944  783.931  
713.197  220.968  
385.974  786.847  
211.625  479.391  
799.29  426.231  
281.563  793.385  
237.633  540.408  
337.224  208.182  
217.573  410.573  
246.176  794.716  
505.497  211.736  
345.359  799.238  
549.427  798.379  
219.504  251.31  
292.484  200.684  
805.481  794.679  
806.305  510.404  
221.899  768.008  
388.709  216.514  
549.636  181.771  
242.3  194.256  
826.666  360.971  
769.65  806.533  
804.741  208.389  
675.578  815.85  
432.484  172.948  
733.501  804.841  
819.485  684.618  
456.133  808.49  
494.757  815.619  
825.629  582.132  
475.786  167.146  
414.017  818.316  
209.545  805.306  
199.872  741.479  
622.849  827.902  
197.311  700.103  
193.97  540.7  
180.635  162.275  
287.063  831.625  
369.996  820.892  
266.583  815.26  
325.386  834.09  
814.236  834.826  
211.605  836.531  
732.004  842.199  
557.491  832.048  
863.445  260.943  
254.168  824.277  
187.25  779.576  
764.147  181.295  
845.337  777.359  
179.219  270.184  
175.822  592.263  
595.309  160.585  
850.392  422.887  
459.461  842.458  
849.851  506.65  
854.536  733.485  
171.36  832.097  
780.922  865.659  
850.991  647.836  
855.328  820.643  
377.297  131.184  
715.708  153.568  
171.22  654.018  
170.367  378.55  
368.249  853.645  
235.252  850.982  
846.122  175.848  
173.5  430.771  
517.903  863.464  
411.311  847.354  
163.167  810.951  
141.801  217.367  
667.005  139.125  
685.76  861.016  
601.969  851.759  
161.678  729.488  
873.703  612.038  
165.369  754.35  
152.18  312.279  
855.049  856.605  
868.743  692.592  
164.392  501.108  
272.09  85.5932  
166.528  864.488  
519.749  136.614  
574.989  865.8  
149.435  550.371  
639.295  868.74  
328.664  97.5964  
334.636  876.732  
308.102  863.618  
270.185  874.899  
144.887  700.781  
807.629  141.845  
149.033  785.922  
893.646  328.873  
425.817  866.551  
466.718  872.615  
143.494  452.209  
627.685  105.265  
392.927  882.74  
146.905  407.858  
207.346  877.57  
839.802  898.196  
888.943  460.068  
899.954  555.753  
876.908  124.281  
899.057  769.53  
898.383  809.144  
610.254  877.22  
135.832  605.84  
767.603  137.598  
889.285  879.881  
440.646  897.92  
900.304  175.409  
717.947  890.267  
178.786  889.241  
132.497  495.687  
132.988  859.351  
917.238  386.295  
212.129  78.2861  
122.176  763.541  
902.174  671.222  
745.084  893.989  
121.87  661.053  
121.698  357.177  
897.282  846.317  
135.56  895.214  
117.77  249.654  
91.6314  100.978  
591.821  898.983  
301.991  901.676  
125.134  815.422  
893.895  728.347  
119.446  839.667  
840.119  116.916  
