520.724  521.303  
494.947  496.591  
540.439  474.931  
472.9  556.136  
546.657  550.237  
456.088  529.061  
508.778  564.846  
460.216  477.89  
570.629  509.476  
504.923  449.239  
582.819  556.671  
586.874  463.784  
560.695  591.565  
460.637  435.74  
555.848  432.078  
518.247  601.493  
468.575  600.802  
421.586  506.637  
425.526  572.511  
418.433  464.172  
611.35  533.391  
602.839  598.413  
592.787  415.056  
436.39  409.604  
398.061  547.509  
511.147  411.621  
418.913  613.93  
620.886  488.246  
397.936  422.984  
565.844  627.292  
631.843  569.134  
631.265  449.887  
479.686  392.458  
553.286  394.776  
636.469  408.062  
630.799  627.12  
524.046  637.984  
496.959  635.043  
453.63  637.904  
381.561  590.022  
616.271  375.697  
374.722  513.761  
374.222  637.828  
372.938  469.006  
446.416  372.893  
650.674  515.686  
590.997  657.388  
375.116  389.483  
403.15  367.721  
587.729  371.039  
525.111  368.244  
412.898  661.548  
540.241  663.473  
470.015  662.718  
560.642  351.199  
647.038  348.282  
668.638  578.636  
667.103  638.301  
668.019  387.011  
674.807  435.862  
677.924  475.815  
490.997  348.858  
348.131  557.468  
349.818  421.759  
345.626  605.16  
362.452  344.484  
360.009  680.698  
684.314  522.184  
627.422  683.627  
484.224  689.629  
681.595  680.062  
338.763  381.656  
426.364  333.97  
681.441  347.986  
435.897  693.095  
330.489  494.75  
334.46  454.667  
463.622  321.041  
613.903  328.917  
578.631  690.711  
586.258  331.473  
528.911  335.416  
390.266  316.816  
316.334  530.771  
518.079  706.111  
704.861  404.636  
321.055  644.067  
705.017  545.268  
714.355  588.569  
326.606  332.485  
718.864  629.549  
402.277  712.434  
321.825  703.734  
312.276  591.462  
711.933  354.157  
641.337  721.769  
517.631  306.881  
309.178  415.549  
668.857  305.158  
716.832  447.455  
553.423  302.913  
705.457  724.889  
554.775  723.292  
304.372  368.086  
714.775  301.879  
726.032  487.078  
595.078  727.604  
345.554  299.059  
627.879  295.038  
458.172  737.268  
359.677  729.938  
490.708  292.626  
290.147  555.293  
289.063  459.441  
308.737  293.785  
734.513  680.258  
425.599  286.319  
274.946  678.153  
281.184  334.576  
587.722  290.025  
284.713  720.844  
671.752  752.21  
741.202  534.662  
276.534  639.074  
745.644  377.873  
408.919  761.278  
274.067  612.158  
373.782  276.453  
742.641  725.331  
269.422  503.492  
744.672  338.577  
689.804  264.736  
754.283  416.735  
501.78  759.199  
458.828  272.852  
266.747  393.428  
655.205  266.999  
756.08  309.172  
763.522  626.035  
253.596  580.485  
749.084  274.63  
309.875  774.421  
282.685  268.081  
606.237  769.37  
267.614  296.366  
510.459  259.287  
769.37  449.84  
551.373  765.17  
328.697  261.182  
552.183  255.717  
756.127  759.37  
764.206  575.502  
402.319  250.537  
251.303  757.378  
771.768  495.723  
627.171  253.95  
716.848  772.136  
634.963  789.87  
359.96  763.554  
591.447  246.548  
717.375  244.366  
779.348  663.825  
782.18  714.238  
473.228  240.424  
244.966  439.765  
791.751  535.661  
231.938  527.94  
775.161  340.751  
244.868  270.296  
755.804  242.719  
247.445  251.655  
359.639  240.114  
237.329  307.063  
293.698  245.62  
452.612  795.444  
436.705  237.856  
787.089  277.711  
788.282  386.49  
224.433  344.044  
777.201  791.689  
225.647  658.538  
261.949  234.948  
226.532  694.282  
371.873  800.199  
230.874  626.88  
221.603  472.124  
665.285  228.374  
732.196  808.893  
672.448  800.238  
225.809  385.776  
785.946  228.224  
561.588  804.862  
507.784  802.466  
809.638  742.118  
319.012  223.137  
517.482  218.777  
806.578  602.572  
250.962  799.08  
214.637  737.03  
796.845  331.665  
630.354  221.505  
815.738  467.938  
215.975  228.752  
814.059  419.185  
555.467  215.91  
819.834  649.468  
210.636  272.215  
686.028  209.104  
817.317  566.622  
401.519  817.502  
197.701  789.132  
285.558  212.936  
691.376  830.378  
245.251  206.545  
740.974  208.017  
818.292  358.788  
400.615  212.048  
200.206  555.405  
482.911  206.153  
822.809  303.415  
316.378  820.814  
815.944  778.455  
198.853  592.937  
445.099  202.095  
358.453  208.069  
826.997  251.352  
825.948  695.749  
196.022  421.12  
813.71  201.047  
589.9  829.839  
580.774  198.244  
706.867  187.309  
263.916  829.88  
804.261  829.372  
221.713  827.372  
204.357  306.371  
201.407  623.38  
780.537  192.886  
184.366  710.679  
191.647  506.264  
755.481  836.981  
610.125  186.561  
644.929  187.806  
834.798  506.611  
183.525  643.908  
467.134  846.737  
852.888  782.029  
630.242  846.221  
416.14  842.896  
303.542  189.318  
331.67  185.047  
506.725  844.669  
182.228  246.722  
221.813  183.281  
529.315  183.377  
171.469  362.424  
408.04  182.795  
