521.843  533.074  
500.198  473.147  
468.891  528.538  
563.325  491.329  
492.571  578.149  
436.589  486.521  
581.949  543.029  
552.666  588.602  
553.987  424.254  
438.688  432.536  
438.296  580.102  
497.804  417.841  
605.347  434.086  
400.939  521.665  
623.076  593.885  
623.331  487.41  
458.93  633.723  
387.23  627.906  
519.911  634.3  
366.447  566.925  
643.846  538.029  
580.418  646.686  
382.687  397.793  
376.326  458.391  
638.922  369.675  
434.069  373.866  
579.454  365.978  
643.531  644.651  
495.49  362.435  
662.671  432.201  
403.422  679.858  
323.349  490.558  
687.806  492.305  
533.038  680.334  
470.771  685.063  
680.777  609.745  
336.061  353.36  
316.107  670.327  
390.074  320.716  
692.003  559.652  
606.083  698.607  
321.352  414.586  
664.767  694.232  
691.128  365.492  
697.319  650.986  
315.304  602.017  
539.031  326.687  
444.221  323.478  
710.113  689.353  
592.253  300.038  
644.417  309.037  
718.801  434.161  
506.928  729.348  
695.186  308.673  
560.366  729.39  
494.887  284.943  
730.513  598.66  
318.542  301.212  
362.518  740.363  
702.626  733.07  
436.486  733.835  
650.148  740.334  
289.102  548.066  
732.95  351.809  
739.083  523.128  
726.642  278.284  
745.942  735.602  
550.945  272.253  
272.207  722.9  
266.836  419.239  
742.355  660.551  
426.435  268.953  
253.559  610.405  
275.403  344.406  
601.08  757.955  
764.12  388.105  
360.931  254.477  
760.166  694.72  
767.285  455.518  
244.222  496.148  
626.818  251.115  
676.182  248.344  
293.132  257.685  
772.094  326.918  
781.718  626.237  
661.46  798.118  
239.429  286.078  
774.839  565.68  
456.508  781.846  
323.689  789.277  
535.597  790.238  
256.858  773.397  
741.729  222.213  
777.752  278.115  
730.984  804.551  
227.526  661.146  
219.526  547.192  
798.054  770.78  
788.924  517.029  
216.091  352.632  
799.381  707.495  
577.505  215.502  
483.327  221.107  
216.721  215.426  
396.612  807.221  
198.892  438.043  
537.077  220.762  
814.193  241.142  
418.254  211.682  
815.282  399.306  
603.505  817.287  
195.804  703.545  
299.033  209.191  
228.209  817.059  
813.971  323.861  
203.938  762.449  
822.612  464.723  
698.743  192.516  
823.405  586.38  
825.129  653.096  
792.283  837.339  
299.294  839.413  
357.022  182.376  
647.583  181.441  
835.664  527.178  
483.879  842.636  
179.651  583.084  
602.714  188.822  
774.979  192.038  
839.301  817.628  
806.906  181.06  
380.855  853.458  
169.341  389.181  
846.718  722.842  
681.658  854.917  
157.306  283.974  
195.296  844.095  
161.263  781.891  
153.509  634.853  
565.255  863.721  
258.17  148.853  
852.003  292.44  
472.99  157.129  
740.198  157.005  
847.316  159.702  
859.637  358.569  
158.506  475.23  
156.795  729.058  
523.328  176.449  
724.429  871.008  
143.558  514.849  
559.936  150.092  
411.556  151.067  
863.656  633.439  
884.808  577.509  
866.493  427.242  
628.958  877.168  
158.563  151.753  
259.552  871.979  
876.296  229.214  
876.729  494.524  
872.842  674.009  
315.252  124.53  
867.325  908.265  
772.796  873.626  
155.262  854.888  
134.904  209.144  
121.812  350.677  
456.015  894.84  
883.292  793.91  
818.282  912.344  
698.62  152.868  
768.899  138.963  
904.55  858.941  
133.776  798.799  
600.042  138.059  
682.178  134.006  
366.538  910.541  
524.058  119.044  
904.116  295.162  
230.929  909.4  
111.943  675.225  
799.233  117.407  
893.988  715.587  
108.392  408.39  
888.558  113.271  
914.176  169.044  
636.144  134.546  
164.76  904.522  
532.598  918.893  
111.667  857.417  
114.622  563.958  
366.145  108.141  
913.884  367.343  
916.043  445.431  
109.885  821.112  
924.606  642.602  
757.819  914.558  
657.878  908.076  
706.419  106.784  
86.5675  721.444  
213.272  100.402  
701.143  930.699  
305.306  931.665  
601.383  927.865  
652.177  104.789  
116.398  118.676  
88.4175  877.584  
453.674  106.517  
931.229  519.928  
848.889  82.0276  
935.104  766.935  
595.847  95.6842  
84.884  294.38  
744.435  97.8396  
80.1161  450.833  
927.863  932.431  
407.751  87.635  
941.321  230.771  
68.4341  773.153  
72.5197  225.808  
432.857  943.925  
80.3336  605.022  
77.5546  501.453  
142.307  74.3508  
153.938  939.82  
76.7365  905.487  
934.088  77.2425  
498.068  82.5762  
549.503  72.3298  
62.3833  165.633  
941.424  579.094  
962.53  679.067  
640.343  950.562  
65.9868  85.8161  
274.953  76.2141  
225.159  962.179  
632.783  64.4065  
965.954  301.061  
121.361  962.272  
966.857  379.03  
51.812  131.161  
680.712  69.851  
962.758  838.093  
966.515  890.133  
49.6046  816.828  
967.472  466.297  
810.843  980.752  
485.143  975.1  
754.517  52.5798  
63.0891  545.83  
960.092  124.716  
330.609  58.3038  
448.628  59.0492  
761.905  972.962  
552.587  980.853  
373.953  962.09  
