  0,00000   0,00000 150,00000
  0,00000   0,00000  56,74946
  0,00000   0,00000  54,96612
  0,00000   0,00000  69,74951
  0,00000   0,00000  42,84038
  0,00000   0,00000  65,14064
  0,00000   0,00000  62,28026
  0,00000   0,00000  75,24545
  0,00000   0,00000  46,13448
  0,00000   0,00000  74,83944
  0,00000   0,00000  93,18103
  0,00000   0,00000  31,73163
  0,00000   0,00000  32,91218
  0,00000   0,00000  61,35855
  0,00000   0,00000  67,72980
  0,00000   0,00000  44,44649
  0,00000   0,00000  41,70219
  0,00000   0,00000  52,39876
  0,00000   0,00000  51,75999
  0,00000   0,00000  38,16926
  0,00000   0,00000  26,40348
  0,00000   0,00000  10,86208
  0,00000   0,00000  75,69137
  0,00000   0,00000  66,92410
  0,00000   0,00000  61,98714
  0,00000   0,00000  57,27306
  0,00000   0,00000  43,23165
  0,00000   0,00000  30,50600
  0,00000   0,00000  55,04499
  0,00000   0,00000  58,97795
  0,00000   0,00000  55,91152
  0,00000   0,00000  42,35752
  0,00000   0,00000  67,20905
  0,00000   0,00000  63,53761
  0,00000   0,00000  56,05577
  0,00000   0,00000  47,07036
  0,00000   0,00000  66,26933
  0,00000   0,00000  53,50595
  0,00000   0,00000  43,04149
  0,00000   0,00000  59,19642
  0,00000   0,00000  53,66002
  0,00000   0,00000  49,80917
  0,00000   0,00000  49,52120
  0,00000   0,00000  38,98655
  0,00000   0,00000  50,57789
  0,00000   0,00000  43,65169
  0,00000   0,00000  61,68825
  0,00000   0,00000  44,66134
  0,00000   0,00000  24,96679
  0,00000   0,00000  34,90797
  0,00000   0,00000  43,20364
  0,00000   0,00000  59,22911
  0,00000   0,00000  61,76471
  0,00000   0,00000  79,09398
  0,00000   0,00000  54,52735
  0,00000   0,00000  57,19095
  0,00000   0,00000  31,13989
  0,00000   0,00000  50,87239
  0,00000   0,00000  57,85648
  0,00000   0,00000  16,20390
  0,00000   0,00000  48,00223
  0,00000   0,00000  55,18140
  0,00000   0,00000  49,63649
  0,00000   0,00000  30,98638
  0,00000   0,00000  36,51853
  0,00000   0,00000  38,62098
  0,00000   0,00000  63,21120
  0,00000   0,00000  48,37612
  0,00000   0,00000  61,72954
  0,00000   0,00000  51,07156
  0,00000   0,00000  57,80797
  0,00000   0,00000  56,99972
  0,00000   0,00000  59,02797
  0,00000   0,00000  62,26044
  0,00000   0,00000  72,22367
  0,00000   0,00000  69,90420
  0,00000   0,00000  37,95870
  0,00000   0,00000  53,15223
  0,00000   0,00000  50,71868
  0,00000   0,00000  60,73049
  0,00000   0,00000  67,70653
  0,00000   0,00000  92,08095
  0,00000   0,00000  35,19750
  0,00000   0,00000  44,50493
  0,00000   0,00000  59,54016
  0,00000   0,00000  62,33843
  0,00000   0,00000  27,77881
  0,00000   0,00000  44,23552
  0,00000   0,00000  44,92942
  0,00000   0,00000  72,46533
  0,00000   0,00000  67,92641
  0,00000   0,00000  56,55760
  0,00000   0,00000  71,94491
  0,00000   0,00000  74,75178
  0,00000   0,00000  48,38977
  0,00000   0,00000  62,89940
  0,00000   0,00000  56,42930
  0,00000   0,00000  65,56627
  0,00000   0,00000  34,11403
  0,00000   0,00000  54,96295
  0,00000   0,00000  76,50775
  0,00000   0,00000  54,19231
  0,00000   0,00000  65,96539
  0,00000   0,00000  75,33683
  0,00000   0,00000  78,33592
  0,00000   0,00000  33,53856
  0,00000   0,00000  77,57736
  0,00000   0,00000  67,25189
  0,00000   0,00000  62,34349
  0,00000   0,00000  53,69392
  0,00000   0,00000  87,40828
  0,00000   0,00000  82,28207
  0,00000   0,00000  47,58140
  0,00000   0,00000  64,16616
  0,00000   0,00000  63,09201
  0,00000   0,00000  67,67558
  0,00000   0,00000  43,86609
  0,00000   0,00000  43,56908
  0,00000   0,00000  54,32250
  0,00000   0,00000  59,55339
  0,00000   0,00000  45,78568
  0,00000   0,00000  55,75481
  0,00000   0,00000  41,95370
  0,00000   0,00000  59,04610
  0,00000   0,00000  63,60456
  0,00000   0,00000  65,97453
  0,00000   0,00000  60,61590
  0,00000   0,00000  26,46493
  0,00000   0,00000  46,87128
  0,00000   0,00000  59,97072
  0,00000   0,00000  37,25528
  0,00000   0,00000  30,93764
  0,00000   0,00000  29,70763
  0,00000   0,00000  69,29251
  0,00000   0,00000  65,84110
  0,00000   0,00000  68,22785
  0,00000   0,00000  81,24222
  0,00000   0,00000  63,82285
  0,00000   0,00000  64,98236
  0,00000   0,00000  51,05609
  0,00000   0,00000  60,32692
  0,00000   0,00000  35,50062
  0,00000   0,00000  52,89717
  0,00000   0,00000  48,41349
  0,00000   0,00000  75,33362
  0,00000   0,00000  67,30189
  0,00000   0,00000  58,38744
  0,00000   0,00000  49,65434
  0,00000   0,00000  57,54915
  0,00000   0,00000  36,34735
  0,00000   0,00000  43,37585
  0,00000   0,00000  64,39538
  0,00000   0,00000  34,41229
  0,00000   0,00000  46,10444
  0,00000   0,00000  48,32087
  0,00000   0,00000  42,66825
  0,00000   0,00000  46,29361
  0,00000   0,00000  59,27423
  0,00000   0,00000  79,78191
  0,00000   0,00000  76,92979
  0,00000   0,00000  48,08667
  0,00000   0,00000  56,75736
  0,00000   0,00000  66,36851
  0,00000   0,00000  56,13870
  0,00000   0,00000  18,96163
  0,00000   0,00000  30,36743
  0,00000   0,00000  83,96903
  0,00000   0,00000  25,00591
  0,00000   0,00000  35,73486
  0,00000   0,00000  35,04658
  0,00000   0,00000  24,13822
  0,00000   0,00000  41,43158
  0,00000   0,00000  42,70247
  0,00000   0,00000  71,00440
  0,00000   0,00000  34,26860
  0,00000   0,00000  41,21857
  0,00000   0,00000  27,48864
  0,00000   0,00000  13,16860
  0,00000   0,00000  28,83260
  0,00000   0,00000  20,73030
  0,00000   0,00000  56,17537
  0,00000   0,00000  40,37610
  0,00000   0,00000  30,69865
  0,00000   0,00000 103,25770
  0,00000   0,00000  46,04060
  0,00000   0,00000  39,25461
  0,00000   0,00000  23,14690
