527.465  491.336  
476.626  516.553  
580.483  505.84  
647.247  587.468  
571.125  609.116  
458.423  603.071  
491.245  440.671  
616.341  438.436  
527.111  622.942  
412.587  452.614  
358.636  550.274  
508.69  414.165  
475.351  411.851  
641.746  509.263  
683.824  724.19  
507.044  369.749  
607.555  629.412  
411.73  626.849  
457.149  355.98  
422.518  663.462  
633.93  628.186  
633.397  639.035  
661.621  371.894  
561.705  326.534  
370.465  369.959  
504.461  675.546  
345.231  405.062  
605.087  659.818  
415.027  293.525  
339.61  652.18  
710.237  427.064  
371.815  327.623  
576.289  732.47  
704.735  534.157  
411.895  728.145  
683.985  322.304  
296.204  258.714  
300.305  434.123  
704.085  364.867  
730.524  600.391  
463.65  713.974  
755.209  343.463  
304.459  711.889  
733.244  507.564  
719.921  671.902  
748.877  386.653  
476.61  297.127  
655.353  288.028  
733.401  650.887  
296.296  468.8  
368.693  727.769  
590.379  246.798  
807.692  474.395  
262.724  353.195  
706.174  268.268  
261.776  615.745  
329.77  768.18  
541.289  279.938  
529.672  766.737  
287.594  482.469  
281.111  659.681  
784.025  672.846  
359.08  279.648  
320.382  738.65  
251.168  479.871  
259.59  271.002  
226.232  691.049  
759.017  548.503  
246.393  785.858  
784.315  301.497  
345.165  210.065  
436.383  215.77  
804.688  585.899  
238.325  550.056  
760.26  220.404  
810.426  737.573  
464.32  241.468  
462.464  767.113  
461.286  817.818  
804.378  413.755  
646.675  780.795  
735.787  825.204  
209.705  736.214  
501.233  216.606  
560.29  846.341  
388.516  810.869  
636.765  806.746  
204.702  521.311  
828.492  375.845  
643.03  170.081  
192.392  280.923  
850.222  826.416  
346.828  869.505  
200.085  401.488  
431.537  855.983  
540.584  155.756  
866.972  289  
143.653  747.687  
618.89  835.802  
391.083  179.858  
868.313  212.504  
877.529  347.923  
238.02  900.784  
148.469  621.802  
270.895  134.397  
194.516  706.312  
214.331  187.489  
868.032  664.074  
302.733  913.577  
176.907  148.986  
795.937  894.924  
140.018  879.654  
849.093  778.848  
157.051  478.338  
445.987  148.775  
884.879  546.542  
686.887  169.188  
724.734  147.604  
842.964  132.698  
927.525  739.155  
882.726  729.701  
522.892  887.693  
779.054  147.083  
126.683  378.789  
129.918  292.862  
903.564  434.544  
429.677  90.3946  
805.224  151.023  
602.742  146.127  
725.974  87.6461  
489.523  904.26  
129.505  426.111  
109.176  402.79  
932.362  597.008  
430.094  935.382  
607.74  77.1581  
99.3139  123.017  
914.907  168.888  
108.625  803.596  
895.698  803.207  
71.9903  551.311  
905.95  326.65  
565.877  952.105  
956.055  246.389  
354.346  91.0225  
835.224  949.569  
961.21  380.225  
917.552  487.276  
75.8643  273.111  
85.1065  775.883  
513.563  944.272  
856.344  69.708  
937.227  441.686  
78.857  350.969  
77.0736  714.258  
955.989  157.362  
78.6023  649.985  
74.7827  477.656  
115.244  955.492  
163.514  73.231  
293.828  59.4931  
964.081  644.075  
177.716  977.898  
673.552  59.1631  
494.846  947.308  
69.2298  379.77  
41.5821  196.459  
49.2628  607.193  
43.6972  727.025  
53.1457  688.651  
62.0563  627.662  
962.049  198.348  
341.055  50.4411  
765.018  960.187  
39.1383  760.989  
572.975  55.0139  
53.4621  495.007  
55.9744  639.342  
41.5791  468.737  
50.1885  371.574  
987.155  293.17  
604.251  29.4788  
697.119  39.4907  
992.884  838.093  
989.627  125.926  
993.893  331.842  
999.244  815.837  
