518.775  570.953  
499.895  478.628  
534.138  502.674  
542.463  510.649  
566.686  423.646  
472.817  466.08  
470.404  536.87  
482.925  554.217  
459.579  570.815  
560.039  493.461  
572.443  460.555  
581.098  554.94  
553.525  586.346  
595.136  499.473  
432.091  472.426  
396.468  523.58  
574.514  598.52  
400.869  413.417  
445.734  617.677  
604.646  423.078  
591.819  452.707  
430.529  579.49  
454.316  406.138  
639.712  602.588  
614.108  684.041  
624.121  549.186  
614.692  466.762  
421.38  577.606  
420.16  588.12  
400.122  593.13  
623.688  521.612  
517.457  657.4  
397.342  680.929  
402.226  555.255  
517.177  390.267  
645.864  441.947  
342.733  678.744  
571.689  378.314  
468.403  356.565  
680.227  518.429  
657.236  479.28  
636.009  641.448  
646.362  567.154  
555.889  332.522  
650.337  640.917  
360.891  598.373  
652.629  355.268  
364.433  455.015  
466.148  653.477  
399.315  653.836  
654.839  399.504  
370.805  318.746  
339.362  645.246  
350.866  398.208  
651.446  671.524  
362.818  369.701  
663.288  656.158  
331.994  479.579  
462.825  684.728  
545.035  703.43  
670.033  453.386  
713.301  586.399  
727.644  419.391  
678.57  690.219  
539.716  668.149  
671.5  356.555  
317.533  554.986  
338.635  571.935  
311.001  395.683  
625.469  311.987  
678.282  461.266  
693.232  366.345  
514.148  687.74  
430.578  297.758  
694.602  300.528  
305.481  628.765  
427.973  711.024  
501.872  296.067  
288.622  329.906  
698.383  339.372  
484.829  719.015  
727.281  346.649  
706.164  721.48  
735.349  318.554  
724.01  367.936  
278.414  465.866  
735.024  376.426  
739.795  636.07  
336.024  289.236  
319.172  285.936  
276.169  512.157  
372.575  788.977  
254.726  754.517  
720.752  755.373  
497.501  776.487  
550.324  284.709  
573.823  743.308  
628.121  259.386  
757.569  562.221  
357.351  749.12  
592.903  274.075  
532.303  760.203  
421.123  753.031  
271.175  634.618  
742.659  267.572  
284.155  680.777  
270.624  563.434  
662.771  286  
619.858  795.393  
672.546  253.641  
309.548  771.339  
255.555  292.572  
751.639  716.473  
780.131  285.545  
761.947  440.813  
766.687  664.87  
789.544  362.642  
410.163  254.475  
432.854  790.318  
781.685  328.37  
814.694  628.951  
247.581  623.44  
334.616  260.418  
539.226  240.731  
776.804  743.882  
582.422  219.152  
484.482  220.048  
639.15  193.249  
581.802  767.83  
716.2  262.52  
219.698  527.909  
768.442  472.137  
794.418  489.573  
763.647  705.412  
786.706  563.779  
338.196  781.608  
718.527  240.697  
675.659  837.902  
778.759  214.746  
810.981  702.142  
226.105  590.336  
364.525  225.762  
231.661  292.197  
244  444.649  
232.31  723.655  
241.286  662.2  
241.393  495.978  
235.07  675.186  
266.124  190.348  
769.179  804.992  
228.197  478.857  
187.126  400.183  
225.513  428.859  
433.86  231.938  
814.219  759.817  
317.583  801.676  
229.426  495.541  
252.659  859.218  
171.115  680.245  
470.384  816.943  
427.191  147.737  
830.097  410.702  
215.487  695.432  
288.15  804.772  
760.797  871.059  
711.61  197.427  
195.943  242.521  
304.928  824.485  
208.633  562.128  
818.825  308.631  
197.59  278.87  
190.979  207.797  
821.541  542.195  
837.884  659.87  
341.085  168.263  
858.964  250.106  
151.278  778.961  
134.268  563.825  
231.108  205.31  
336.873  196.714  
550.24  827.544  
172.682  485.686  
382.628  820.488  
197.369  851.153  
824.282  497.807  
828.628  807.818  
384.288  194.375  
