519.163  530.199  
498.54  463.491  
453.249  543.8  
453.286  461.025  
553.017  554.951  
537.92  437.772  
592.954  457.38  
573.01  542.925  
436.22  500.192  
459.998  578.786  
475.642  612.727  
434.335  587.02  
414.315  530.104  
517.217  651.055  
495.183  398.838  
601.893  595.466  
624.868  501.119  
430.972  430.981  
592.253  421.428  
571.891  409.864  
616.322  553.845  
565.66  632.958  
414.521  603.261  
438.636  398.507  
385.779  468.354  
623.269  394.225  
414.035  638.2  
531.847  648.955  
624.763  634.404  
367.152  621.393  
400.24  375.319  
552.58  386.399  
377.545  425.465  
600.291  374.766  
644.242  571.081  
342.781  544.787  
430.412  672.847  
360.448  510.847  
659.3  429.634  
455.011  650.426  
464.815  358.447  
671.794  384.637  
665.316  529.457  
659.857  599.786  
641.623  664.867  
707.171  372.818  
666.549  645.036  
479.815  672.966  
362.828  598.943  
360.103  374.902  
571.605  347.319  
595.613  686.946  
458.071  697.295  
368.302  668.314  
525.236  352.039  
669.681  481.767  
677.161  344.471  
675.878  560.838  
437.805  349.379  
392.088  686.665  
692.199  586.293  
335.522  436.803  
698.025  664.03  
294.239  697.657  
347.481  335.308  
659.189  678.491  
313.592  611.064  
346.5  657  
697.287  540.15  
642.586  687.147  
724.539  491.499  
589.608  330.45  
317.507  476.744  
602.991  305.842  
658.542  312.341  
475.795  328.925  
419.854  318.231  
691.811  447.285  
727.709  434.268  
536.707  285.281  
705.425  414.323  
326.39  714.823  
300.514  418.263  
352.879  712.372  
704.664  700.088  
491.892  307.258  
510.982  720.435  
560.332  724.945  
613.778  732.114  
405.083  722.587  
572.131  297.141  
299.857  317.134  
678.187  721.595  
738.475  317.642  
374.637  727.113  
298.614  367.426  
731.397  605.795  
471.956  730.887  
294.375  576.8  
358.117  284.177  
727.783  470.837  
450.716  296.581  
299.218  539.462  
763.585  520.422  
768.872  699.177  
443.32  732.83  
416.511  288.404  
724.243  748.402  
751.259  378.117  
714.513  274.155  
414.91  757.923  
479.302  279.896  
286.102  275.575  
272.066  481.029  
656.062  266.81  
348.089  750.901  
278.006  607.807  
279.444  760.339  
434.051  240.301  
740.357  680.194  
274.136  562.523  
755.797  282.559  
752.197  654.983  
258.209  649.539  
274.541  365.188  
264.25  513.057  
499.102  260.412  
624.26  266.944  
514.723  760.184  
307.213  235.884  
302.502  749.816  
619.234  248.274  
342.624  781.746  
244.025  570.773  
454.548  256.282  
261.966  315.065  
780.911  330.872  
488.684  787.848  
578.226  246.379  
246.211  418.821  
377.406  235.086  
568.069  759.206  
765.356  417.312  
769.632  582.033  
695.749  251.759  
782.165  430.757  
611.414  783.849  
244.281  704.689  
237.782  254.552  
232.408  353.692  
771.847  632.498  
216.825  775.834  
758.6  242.146  
664.579  783.537  
804.334  380.044  
422.362  816.5  
744.678  785.628  
780.368  268.93  
250.394  614.111  
206.822  316.255  
800.149  615.693  
569.254  773.159  
612.34  220.945  
549.007  836.89  
353.413  834.799  
816.69  752.216  
231.811  301.716  
683.817  214.842  
236.53  495.14  
503.943  225.993  
223.881  681.192  
175.251  622.248  
221.034  530.586  
253.739  802.988  
822.723  267.216  
552.514  790.052  
451.776  788.159  
277.273  828.021  
223.387  396.787  
817.423  446.043  
788.653  232.878  
809.383  560.276  
734.423  210.352  
213.709  472.295  
652.837  828.226  
548.869  205.59  
805.14  830.527  
