518.222  492.741  
474.869  538.391  
500.008  566.427  
564.489  531.309  
450.031  476.859  
513.744  447.645  
580.725  461.729  
570.236  587.679  
401.378  599.86  
440.371  537.303  
549.639  413.363  
620.032  552.524  
504.443  375.659  
632.418  496.121  
424.887  409.878  
397.443  532.604  
495.828  643.918  
347.204  446.854  
598.319  372.667  
436.905  693.781  
634.364  448.685  
644.094  602.888  
567.747  634.028  
523.697  614.615  
382.806  468.845  
645.666  391.279  
380.799  387.315  
427.952  354.82  
639.128  700.714  
336.42  694.404  
695.872  500.174  
339.245  564.34  
312.862  510.454  
327.696  398.371  
581.252  691.389  
714.063  580.042  
674.838  660.04  
690.609  383.983  
524.972  716.594  
291.171  634.728  
720.938  664.885  
305.306  371.447  
655.701  305.544  
377.504  308.879  
479.706  691.939  
473.849  307.417  
568.915  297.996  
696.519  738.04  
728.418  702.009  
620.327  294.366  
700.358  310.57  
285.033  312.652  
295.819  573.899  
719.237  370.598  
734.368  303.086  
241.405  358.61  
761.779  414.369  
770.979  583.846  
358.756  779.873  
288.191  662.223  
699.115  261.05  
561.769  783.482  
221.977  709.762  
451.437  253.746  
270.896  568.133  
240.52  488.008  
497.505  753.881  
275.656  275.212  
318.075  757.306  
806.746  291.888  
374.666  257.818  
544.888  247.409  
744.305  733.662  
776.233  747.058  
269.062  606.012  
243.797  790.366  
236.562  434.251  
658.742  760.563  
780.965  224.591  
213.012  565.773  
787.266  662.282  
623.253  784.909  
618.313  828.482  
229.451  629.164  
470.651  816.463  
243.62  245.323  
293.475  240.073  
729.568  215.35  
700.343  803.804  
409.019  200.41  
622.005  225.048  
181.139  791.943  
322.706  244.824  
812.39  464.11  
672.812  212.898  
422.61  824.681  
357.553  189.349  
369.031  837.167  
847.312  521.173  
196.138  668.262  
181.149  400.059  
302.111  194.317  
421.117  226.992  
173.033  309.117  
147.767  228.268  
259.313  226.733  
746.069  826.033  
220.633  197.24  
836.714  363.724  
831.167  603.981  
820.272  730.484  
518.91  207.066  
834.824  665.054  
840.049  798.025  
484.396  183.414  
255.108  831.565  
555.461  176.51  
824.94  821.487  
783.474  838.705  
924.911  778.968  
556.359  830.24  
827.832  174.544  
657.712  859.352  
618.123  160.836  
176.504  514.023  
285.978  841.16  
174.003  619.192  
518.682  867.879  
129.252  477.152  
876.04  734.185  
885.697  217.829  
842.714  845.782  
170.402  864.304  
880.642  416.58  
309.735  853.04  
746.341  179.884  
873.442  383.042  
902.903  601.417  
148.613  165.742  
167.944  587.223  
737.489  857.172  
104.754  801.922  
121.198  437.957  
887.461  829.517  
460.922  877.75  
463.135  853.058  
153.935  361.369  
806.051  862.257  
162.592  556.733  
769.915  153.062  
271.482  146.639  
440.273  126.305  
89.2675  276.34  
909.177  672.772  
115.795  566.583  
762.833  884.513  
151.085  917.074  
122.921  681.047  
898.471  319.491  
401.573  904.749  
159.185  652.692  
190.231  942.84  
143.819  850.691  
866.725  883.144  
646.579  125.061  
285.089  873.078  
909.552  116.738  
121.663  635.804  
135.071  346.145  
777.62  118.385  
545.314  910.889  
308.943  911.578  
589.931  911.408  
650.158  911.313  
148.001  130.638  
129.849  183.393  
129.519  723.871  
928.912  446.939  
290.812  884.1  
113.479  518.065  
914.371  545.152  
224.336  944.065  
338.804  80.2904  
532.855  105.101  
833.621  911.973  
106.042  405.911  
932.093  878.022  
