520.893  521.042  
498.576  479.998  
446.13  554.82  
536.027  558.202  
606.24  478.428  
570.72  429.968  
576.657  572.281  
591.802  540.89  
432.294  426.76  
494.399  441.888  
600.54  587.636  
402.402  485.458  
523.95  425.592  
488.609  595.165  
522.458  622.288  
416.963  616.895  
631.739  402.202  
485.326  616.088  
587.234  638.365  
645.488  529.686  
629.007  611.097  
597.768  405.687  
530.967  373.753  
395.631  385.538  
397.87  532.264  
476.857  377.904  
366.784  655.86  
604.656  370.374  
661.439  624.938  
356.359  537.987  
462.71  650.354  
530.929  647.839  
688.889  590.089  
450.372  343.382  
644.429  664.124  
492.31  651.206  
699.361  424.135  
669.318  558.715  
583.939  300.732  
656.327  370.735  
325.834  405.213  
522.939  672.008  
429.979  688.338  
288.841  471.691  
311.711  599.885  
388.633  346.019  
674.688  363.507  
673.706  422.95  
346.58  319.6  
558.783  347.547  
693.625  501.179  
279.121  631.229  
596.428  675.33  
629.125  341.326  
694.03  691.695  
348.763  683.453  
545.143  345.286  
714.873  634.916  
655.915  311.385  
551.44  706.912  
690.412  613.176  
545.375  334.786  
372.607  742.683  
311.117  364.527  
754.125  507.234  
307.563  730.021  
727.68  345.392  
505.95  694.883  
483.136  714.61  
304.606  488.388  
511.418  297.528  
599.982  699.645  
611.367  743.395  
284.603  541.947  
708.084  309.988  
432.333  307.005  
446.035  724.629  
664.341  723.743  
467.163  300.233  
266.11  691.389  
738.571  664.186  
273.166  314.83  
407.37  730.638  
750.224  757.852  
558.255  732.704  
696.687  752.448  
282.561  357.462  
737.634  296.385  
386.793  272.129  
283.796  342.827  
773.888  409.466  
677.114  279.454  
794.138  598.395  
456.947  769.215  
340.4  737.782  
454.383  264.808  
238.222  391.376  
682.786  251.037  
744.151  590.941  
532.836  756.678  
216.324  448.546  
496.04  746.927  
263.653  255.312  
786.022  662.455  
783.537  330.372  
340.129  255.963  
505.911  265.615  
523.543  237.707  
771.923  555.039  
250.036  455.35  
773.703  444.791  
762.788  280.404  
207.082  784.49  
798.701  281.962  
407.732  769.622  
223.584  596.833  
671.863  812.132  
307.111  766.259  
402.565  239.534  
792.827  238.966  
316.288  784.563  
239.918  546.446  
245.995  321.668  
517.2  796.924  
612  794.301  
811.968  361.708  
594.695  229.731  
415.544  793.933  
238.243  661.206  
346.088  227.566  
450.998  227.543  
192.061  319.984  
810.294  733.697  
803.575  814.027  
203.711  696.067  
309.093  226.719  
345.647  800.383  
186.662  564.169  
819.702  552.451  
325.997  818.592  
221.116  278.842  
690.078  196.221  
851.354  509.156  
539.426  184.43  
235.636  826.171  
813.331  692.173  
615.178  202.688  
404.822  196.885  
240.349  217.118  
633.595  810.907  
208.885  811.032  
302.485  193.71  
854.316  419.608  
179.432  629.913  
549.398  837.245  
435.067  836.31  
142.615  530.191  
753.285  188.84  
719.353  852.693  
380.928  820.114  
237.036  197.057  
270.379  830.813  
165.464  201.169  
717.597  827.67  
833.645  303.263  
835.601  812.65  
617.388  121.807  
882.762  307.911  
873.58  642.425  
849.826  682.456  
178.1  665.056  
866.379  205.454  
173.412  409.565  
176.299  248.729  
781.189  146.641  
184.585  547.377  
168.89  594.023  
860.525  733.853  
320.413  840.387  
244.076  175.686  
886.305  782.375  
852.352  859.264  
618.266  881.494  
203.097  842.161  
343.823  882.693  
119.621  716.59  
484.679  133.283  
