544.293  524.509  
491.567  568.985  
486.222  443.909  
570.003  492.194  
559.036  602.935  
552.634  426.025  
406.865  516.799  
618.224  596.353  
584.525  529.54  
621.63  429.652  
394.075  386.214  
427.437  648.902  
644.653  502.606  
506.577  662.503  
561.768  324.09  
569.812  658.036  
652.856  641.005  
684.351  555.545  
375.435  679.06  
352.419  606.067  
646.069  350.518  
342.123  430.277  
447.624  341.129  
710.739  467.652  
481  361.759  
492.003  279.271  
668.071  660.782  
684.678  397.206  
332.917  499.133  
694.019  650.89  
331.977  703.551  
580.563  725.114  
694.768  724.768  
687.587  286.581  
378.451  275.097  
488.118  758.537  
726.241  629.062  
295.643  565.889  
254.513  353.811  
395.598  725.285  
714.171  363.658  
301.223  654.439  
747.597  410.015  
293.354  382.745  
300.294  294.716  
269.298  444.602  
615.942  262.771  
299.737  496.847  
272.083  708.317  
753.847  314.174  
770.007  572.905  
450.769  291.88  
353.905  762.984  
403.51  781.486  
274.523  622.379  
254.572  505.793  
760.172  690.145  
276.209  770.458  
650.398  781.198  
769.054  383.274  
775.918  752.267  
226.345  250.975  
251.417  664.497  
723.795  194.938  
798.626  661.506  
797.184  480.147  
231.036  553.903  
238.962  406.459  
821.148  293.422  
223.872  605.045  
705.476  811.481  
581.64  816.307  
777.825  856.119  
348.99  207.367  
305.597  194.472  
564.75  235.702  
805.607  362.733  
784.243  806.555  
426.367  169.438  
635.801  189.071  
205.026  724.141  
807.673  222.089  
803.18  709.109  
214.775  648.993  
565.319  169.929  
847.916  407.668  
807.164  730.642  
172.294  479.615  
182.892  312.151  
200.611  419.782  
224.937  835.194  
169.904  657.103  
490.181  147.887  
192.428  786.255  
174.488  554.356  
872.46  644.209  
837.306  836.734  
837.545  551.552  
347.072  861.95  
282.503  856.61  
465.56  845.558  
852.493  733.668  
835.272  781.987  
409.6  819.3  
217.245  179.366  
840.213  159.07  
173.474  191.699  
857.834  489.314  
259.026  138.965  
880.335  254.298  
683.578  845.851  
118.361  397.668  
155.852  347.842  
155.023  822.897  
371.177  171.654  
651.519  882.41  
586.186  877.398  
152.96  733.391  
172.478  136.708  
875.738  352.263  
325.859  99.4204  
895.973  825.615  
740.604  876.935  
212.11  913.594  
868.757  700.873  
419.682  911.914  
158.687  885.302  
860.535  882.557  
685.212  150.273  
730.505  916.25  
118.152  617.411  
130.453  285.259  
645.922  149.119  
913.18  551.196  
384.188  129.762  
891.822  467.641  
891.764  320.335  
508.806  915.071  
743.095  74.7014  
882.204  865.161  
111.565  754.178  
126.415  229.7  
115.767  143.98  
669.104  97.6641  
776.439  138.955  
897.467  911.721  
919.758  111.352  
121.276  567.431  
915.936  749.243  
854.663  930.334  
212.208  118.789  
118.844  886.558  
97.4628  683.621  
910.565  376.484  
920.053  439.434  
686.411  948.016  
802.851  948.684  
84.3196  477.441  
714.047  103.65  
921.866  222.747  
286.214  946.181  
95.9404  336.273  
93.4203  801.175  
84.114  851.057  
355.059  948.659  
75.4283  256.222  
521.483  75.8083  
967.118  264.286  
934.622  302.076  
363.86  100.495  
924.079  335.068  
115.669  944.062  
377.105  74.6849  
790.174  84.8106  
955.075  935.286  
924.392  636.275  
68.2083  569.392  
946.608  357.023  
74.2741  906.282  
255.138  50.8642  
959.137  813.568  
125.198  49.6931  
972.163  410.469  
63.7908  115.491  
407.529  83.8103  
438.904  64.1538  
828.87  940.87  
