511.929  457.723  
544.873  588.101  
468.112  509.026  
482.103  559.319  
571.49  535.055  
434.692  432.26  
443.236  556.836  
529.635  362.36  
591.41  443.95  
626.959  632.777  
463.014  626.699  
410.613  592.335  
401.33  500.871  
582.851  607.158  
609.839  517.621  
618.377  560.531  
468.833  386.761  
655.802  471.04  
530.529  630.2  
669.473  553.147  
650.111  390.829  
638.438  598.347  
358.375  610.947  
395.039  363.963  
356.275  427.908  
485.233  657.937  
318.292  507.15  
587.749  328.27  
671.691  363.227  
503.876  710.901  
624.216  735.646  
688.099  660.638  
338.416  457.049  
277.833  374.707  
630.625  305.581  
703.757  336.554  
371.09  740.294  
337.333  298.802  
295.381  674.56  
706.188  618.274  
272.287  453.139  
691  599.28  
721.502  464.496  
405.601  288.636  
567.446  327.607  
761.6  544.501  
440.398  742.007  
482.107  282.083  
723.774  712.428  
549.136  258.839  
758.751  399.446  
751.132  633.991  
713.248  528.762  
292.219  328.204  
255.014  582.217  
687.679  272.628  
759.838  267.24  
309.461  787.313  
270.518  293.04  
752.212  330.357  
264.157  341.48  
251.422  423.089  
724.6  794.78  
315.371  230.035  
644.886  242.209  
782.824  478.241  
240.602  796.171  
232.434  530.029  
602.821  236.317  
213.681  300.141  
229.963  665.906  
540.575  802.975  
797.188  721.271  
447.747  210.69  
220.54  233.275  
463.143  812.8  
687.459  218.883  
780.019  672.593  
227.235  344.13  
823.861  634.002  
617.733  819.032  
415.102  848.393  
794.733  205.176  
827.408  354.28  
800.098  850.884  
207.925  722.824  
207.539  406.048  
671.349  814.442  
180.717  446.673  
585.557  171.099  
820.902  428.291  
803.733  559.767  
847.684  300.327  
542.736  132.971  
838.786  565.805  
172.947  360.202  
612.19  204.018  
713.222  162.315  
136.238  608.127  
157.068  768.916  
210.218  169.655  
828.321  647.068  
854.552  743.248  
651.317  167.302  
148.944  685.86  
138.752  496.844  
857.734  195.363  
193.264  836.164  
881.165  510.171  
896.528  792.558  
146.238  254.248  
419.112  139.996  
876.952  459.445  
325.971  158.7  
162.323  815.422  
865.867  621.593  
878.845  397.985  
287.454  867.452  
886.75  259.177  
348.5  885.539  
718.901  874.659  
175.956  560.505  
614.134  866.032  
243.678  861.632  
877.289  847.597  
227.851  891.578  
913.103  602.421  
823.16  126.583  
659.625  898.285  
580.095  911.792  
114.265  206.441  
134.037  304.413  
117.102  823.621  
477.964  142.033  
737.082  100.881  
139.065  892.229  
110.665  379.798  
248.529  129.255  
900.51  881.54  
608.853  136.954  
930.964  710.434  
109.817  94.3145  
93.6853  544.387  
942.453  172.208  
429.263  902.42  
328.266  87.4387  
178.891  101.707  
875.676  922.558  
920.404  313.596  
103.257  742.809  
916.001  668.589  
920.699  223.283  
648.536  78.8389  
869.683  97.1506  
483.838  933.645  
725.701  943.862  
929.898  547.786  
842.955  929.611  
386.242  114.523  
936.557  94.3092  
937.81  441.321  
954.715  352.788  
78.7534  694.714  
52.9615  280.825  
249.458  57.4634  
346.492  932.12  
63.0081  145.258  
531.024  936.718  
463.074  58.1329  
903.918  946.967  
216.859  950.25  
142.76  943.056  
71.0606  844.649  
315.199  957.515  
946.351  881.254  
789.885  69.6704  
427.021  961.525  
887.794  67.8362  
516.772  75.2971  
952.025  760.38  
123.78  983.549  
70.2067  175.135  
968.952  119.075  
585.865  975.615  
957.448  604.886  
583.275  55.501  
964.843  398.262  
