475.86  508.493  
514.319  550.205  
540.73  480.991  
558.331  530.423  
462.817  450.736  
455.33  583.145  
588.848  574.859  
589.237  458.77  
509.282  440.177  
627.189  493.925  
622.443  535.339  
533.026  594.713  
424.796  540.96  
408.173  471.478  
563.525  425.369  
534.178  437.43  
454.73  408.607  
618.708  611.802  
641.54  434.424  
502.02  620.116  
390.685  427.54  
383.642  517.857  
565.995  630.149  
396.626  576.678  
381.78  616.707  
434.786  627.196  
492.268  376.205  
632.303  400.098  
578.003  360.899  
474.315  656.336  
353.947  388.329  
406.647  648.569  
366.324  550.336  
539.988  377.085  
638.419  642.478  
672.494  597.317  
361.274  482.183  
524.542  649.576  
346.414  448.024  
685.952  377.977  
684.648  560.148  
548.824  651.374  
342.416  642.135  
609.839  662.68  
334.292  591.612  
572.589  676.372  
528.525  672.543  
717.133  649.669  
375.599  683.45  
345.879  572.24  
430.091  679.42  
409.783  320.763  
695.555  471.205  
436.921  351.702  
696.796  518.854  
313.777  333.85  
627.221  332.954  
304.788  481.743  
320.452  522.91  
617.329  698.869  
721.846  346.491  
502.839  692.598  
504.414  332.473  
300.863  678.349  
316.012  547.216  
745.559  418.96  
673.346  705.562  
548.864  712.514  
469.002  704.815  
335.305  706.693  
423.948  716.975  
651.943  303.729  
543.439  299.085  
730.755  704.077  
296.034  606.734  
278.341  430.206  
723.409  311.433  
728.105  596.635  
743.202  546.29  
370.111  737.272  
287.849  633.346  
460.239  288.017  
327.784  275.8  
282.793  735.243  
493.861  743.017  
633.423  739.2  
267.966  560.095  
271.038  509.012  
748.8  488.965  
264.079  373.45  
729.891  292.934  
702.654  741.597  
554.959  748.885  
591.428  278.444  
445.309  748.947  
195.793  284.919  
628.869  263.745  
766.8  297.29  
754.103  380.477  
777.47  575.052  
277.911  286.13  
748.363  759.316  
778.261  610.981  
253.273  651.63  
229.998  230.588  
255.76  592.179  
384.29  259.97  
467.157  253.018  
419.043  751.734  
258.905  260.237  
589.114  789.379  
657.067  246.119  
776.02  457.513  
225.798  330.082  
691.654  784.368  
225.615  697.452  
782.713  740.947  
406.019  781.921  
536.254  245.415  
465.222  778.339  
206.029  616.961  
243.256  462.017  
229.543  780.926  
783.08  696.645  
630.609  788.152  
337.466  776.497  
289.311  790.332  
784.821  664.612  
708.147  239.135  
826.178  502.706  
507.909  797.858  
226.702  531.156  
556.933  786.646  
764.004  240.196  
224.828  506.109  
822.091  382.131  
213.598  422.08  
616.34  861.499  
192.666  467.746  
803.138  766.836  
763.087  798.229  
419.312  218.881  
816.184  250.901  
572.237  230.61  
308.405  209.174  
218.681  550.831  
192.651  384.766  
270.433  226.802  
204.737  577.214  
823.35  432.79  
810.534  727.438  
204.286  659.029  
821.18  340.878  
830.219  629.414  
377.217  829.813  
815.482  213.409  
829.057  797.618  
175.393  730.779  
609.813  209.088  
515.815  199.868  
731.362  206.491  
452.518  825.618  
829.185  291.794  
818.141  594.232  
721.162  833.938  
826.523  537.399  
544.726  825.204  
265.705  836.113  
652.733  827.234  
211.03  832.036  
839.582  686.839  
651.457  192.925  
841.937  572.262  
316.257  833.629  
798.633  838.533  
181.453  505.125  
175.039  775.097  
235.731  187.346  
390.628  183.063  
167.769  548.818  
153.424  176.98  
855.593  748.617  
163.334  519.748  
836.818  475.479  
555.085  180.049  
774.679  162.495  
859.792  459.987  
