506.157  531.117  
525.107  490.317  
534.237  523.576  
571.003  570.026  
465.304  487.887  
482.914  588.529  
553.121  459.102  
588.526  469.576  
432.459  528.834  
481.337  436.586  
526.601  448.901  
608.012  555.282  
544.716  414.241  
403.954  471.032  
544.166  593.742  
608.98  426.66  
609.731  517.034  
377.671  615.976  
413.685  397.374  
559.252  613.568  
412.298  566.913  
620.423  641.011  
474.35  392.294  
546.248  610.845  
461.437  649.812  
538.426  625.04  
604.046  352.309  
670.118  330.665  
663.025  527.608  
699.693  442.421  
658.367  455.372  
563.155  628.724  
538.669  361.103  
730.059  568.625  
566.958  671.996  
309.674  583.691  
505.552  380.469  
641.339  575.776  
680.501  618.38  
333.52  526.539  
355.147  356.714  
323.141  460.053  
584.045  356.337  
439.416  355.714  
452.711  327.547  
417.613  743.2  
355.594  496.198  
345.82  670.763  
622.188  353.163  
710.034  698.326  
476.133  701.038  
510.209  745.218  
530.985  279.748  
356.939  689.337  
339.668  787.729  
705.49  639.975  
646.68  702.628  
260.475  660.828  
733.394  502.39  
580.291  745.18  
274.868  733.41  
326.631  275.11  
743.094  417.896  
670.196  745.569  
603.28  234.261  
717.326  628.977  
713.486  615.029  
268.342  388.822  
452.192  267.273  
614.45  297.3  
731.596  359.727  
767.51  646.88  
290.521  336.809  
400.985  283.412  
785.693  392.923  
638.892  255.509  
762.528  290.289  
367.661  225.873  
280.854  519.545  
274.121  228.818  
722.95  272.867  
260.288  547.8  
220.708  274.051  
265.953  502.434  
706.541  829.219  
209.657  511.924  
751.391  762.849  
659.235  264.118  
802.965  741.153  
213.234  586.221  
555.216  213.973  
613.211  803.325  
770.856  244.081  
686.946  239.199  
709.391  251.198  
803.421  507.648  
200.411  362.452  
784.591  275.597  
198.421  643.738  
202.275  435.403  
789.988  246.2  
478.78  806.282  
662.623  224.42  
824.277  602.616  
218.475  877.528  
705.061  214.963  
757.93  202.351  
802.76  254.304  
810.034  275.204  
802.58  291.872  
438.243  175.627  
823.899  198.474  
784.283  217.614  
437.9  884.126  
259.054  818.277  
236.881  211.571  
814.682  352.206  
854.33  772.463  
539.689  851.263  
679.938  197.525  
176.909  722.056  
662.725  167.947  
841.572  329.64  
709.576  195.785  
829.642  389.312  
203.769  164.148  
731.345  202.276  
184.309  407.376  
150.165  300.059  
868.718  572.547  
713.096  139.019  
771.206  834.972  
866.837  482.715  
840.56  422.756  
127.252  227.054  
314.063  172.988  
527.634  136.514  
853.705  661.765  
372.35  871.56  
165.719  844.654  
847.192  594.43  
845.269  397.162  
254.4  117.422  
867.879  286.024  
879.851  837.023  
288.425  172.798  
153.248  792.279  
599.535  852.197  
756.935  160.252  
631.415  874.542  
154.63  427.55  
858.388  418.674  
613.064  117.593  
921.282  286.831  
140.063  500.787  
871.098  360.594  
836.727  910.626  
161.414  602.063  
160.297  570.649  
326.931  103.365  
861.372  115.854  
116.83  680.528  
100.532  353.31  
134.541  163.47  
880.802  197.001  
112.376  855.675  
878.25  331.978  
926.691  416.002  
878.171  676.978  
154.42  152.08  
324.438  140.694  
814.019  136.453  
895.291  661.093  
164.053  907.445  
167.831  143.965  
763.423  94.4658  
132.212  115.814  
126.033  544.074  
918.199  172.071  
108.89  424.146  
529.623  889.053  
893.477  453.357  
923.882  933.427  
569.341  934.701  
104.295  573.099  
429.926  83.1533  
440.603  126.267  
