511.53  512.804  
505.723  539.667  
492.773  464.859  
565.147  486.413  
545.554  568.89  
424.116  482.566  
464.113  559.463  
422.546  515.898  
405.195  441.638  
508.491  418.953  
618.971  539.584  
497.806  589.96  
604.563  447.436  
452.678  608.06  
581.145  602.029  
388.598  597.937  
646.642  489.432  
612.034  390.045  
512.503  660.242  
609.292  576.169  
636.23  627.412  
378.106  534.619  
545.172  621.049  
482.795  628.729  
672.357  570.283  
418.275  672.79  
365.907  387.275  
666.82  450.409  
506.928  361.562  
394.881  353.606  
581.7  642.66  
655.057  417.879  
311.634  426.449  
721.18  603.026  
622.037  653.914  
559.411  657.925  
679.895  528.279  
601.202  683.58  
713.634  401.219  
320.028  479.898  
680.375  325.401  
571.653  316.89  
340.19  589.11  
313.027  681.642  
354.865  460.973  
712.66  666.897  
668.109  704.359  
421.787  315.6  
291.218  519.31  
304.134  331.056  
722.702  488.721  
302.752  381.271  
749.656  527.936  
456.245  275.869  
707.748  723.025  
555.19  730.822  
730.384  457.343  
288.501  610.748  
598.704  733.397  
417.189  728.393  
490.912  765.884  
337.827  735.898  
342.734  271.059  
727.557  568.03  
750.797  710.23  
299.922  557.993  
670.714  742.21  
252.536  458.679  
765.564  638.75  
273.099  556.351  
758.292  263.547  
639.103  750.211  
229.486  281.811  
260.53  772.998  
601.718  246.217  
397.146  779.978  
691.231  765.143  
795.284  307.744  
756.812  755.18  
240.459  357.756  
696.725  211.341  
735.005  805.684  
808.522  371.966  
778.526  457.529  
244.712  668.928  
779.381  672.68  
246.986  234.614  
249.101  600.661  
452.4  238.377  
519.564  209.908  
784.741  416.567  
335.231  799.684  
819.134  486.242  
589.185  784.411  
818.177  564.247  
662.598  807.044  
206.242  584.778  
300.421  236.129  
793.137  754.737  
553.915  818.056  
213.446  737.692  
187.882  402.622  
849.527  621.112  
817.934  706.991  
620.784  802.626  
784.171  186.183  
772.736  222.088  
272.794  211.286  
820.39  819.674  
825.948  659.163  
184.259  688.786  
219.004  534.652  
187.18  506.425  
367.851  204.796  
858.989  524.04  
283.336  162.422  
617.677  209.331  
189.151  825.853  
451.679  846.788  
163.055  456.595  
828.654  441.009  
208.902  552.864  
511.972  843.8  
438.086  181.157  
378.4  818.595  
179.321  171.923  
323.25  863.34  
160.962  310.925  
840.752  767.671  
283.784  828.681  
834.977  196.463  
188.84  530.642  
610.636  840.278  
364.235  139.282  
245.566  186.173  
401.652  851.113  
624.669  177.937  
575.874  160.428  
245.329  851.535  
867.854  326.071  
667.204  853.576  
863.59  679.68  
693.279  867.643  
770.459  870.511  
153.507  611.598  
148.313  234.113  
139.268  751.869  
828.993  878.278  
370.225  851.472  
572.388  859.501  
896.185  724.318  
732.534  866.494  
890.238  432.255  
223.5  890.913  
868.75  197.005  
366.21  908.803  
885.311  252.114  
444.341  114.65  
106.654  347.217  
286.303  888.478  
110.771  646.614  
686.585  142.878  
142.654  498.586  
604.776  98.7007  
622.396  882.814  
135.301  810.704  
900.84  184.285  
881.644  836.179  
546.529  904.025  
697.779  900.665  
150.783  909.156  
124.321  582.807  
107.384  553.721  
512.267  117.527  
892.326  778.729  
447.755  923.006  
410.131  912.628  
98.8812  408.54  
946.374  627.681  
888.58  865.252  
911.803  883.168  
102.132  159.838  
769.327  95.8292  
944.462  499.25  
699.501  81.0686  
824.028  103.634  
916.97  296.22  
