529.631  496.029  
511.27  532.821  
533.611  538.186  
469.587  536.94  
468.412  498.957  
531.898  568.176  
461.754  476  
512.508  453.729  
565.135  517.982  
569.884  457.225  
601.558  517.177  
462.132  576.3  
593.931  545.925  
441.401  432.284  
549.484  591.961  
420.992  490.217  
601.741  489.382  
597.801  605.117  
510.315  423.746  
408.206  553.718  
617.081  564.105  
477.416  607.45  
600.75  411.533  
393.009  588.088  
429.07  616.07  
650.807  440.41  
517.04  617.916  
444.634  389.41  
375.954  487.275  
400.305  394.922  
487.296  383.209  
366.118  458.059  
531.434  392.722  
658.273  475.482  
550.319  622.457  
365.109  543.5  
628.053  544.93  
565.924  637.884  
379.132  643.965  
667.771  605.645  
593.1  636.228  
622.264  368.38  
437.503  651.562  
517.876  369.343  
485.351  640.578  
673.192  523.643  
635.634  536.495  
496.76  638.388  
462.006  379.482  
538.798  659.145  
673.107  637.649  
644.268  545.371  
608.841  666.758  
505.753  658.402  
350.576  375.645  
688.833  567.272  
458.46  666.32  
300.511  466.548  
337.946  633.846  
481.289  668.476  
668.057  383.783  
707.815  377.841  
567.296  333.902  
325.797  608.066  
702.425  664.333  
395.21  344.831  
485.634  342.283  
519.015  675.468  
338.074  693.562  
439.992  341.878  
315.597  580.845  
390.289  695.943  
334.904  531.04  
477.945  683.109  
523.382  705.781  
722.5  480.514  
438.271  703.872  
649.932  310.768  
336.385  313.05  
714.769  328.246  
398.441  304.171  
505.223  300.448  
633.192  703.686  
300.508  348.233  
717.442  689.433  
292.24  542.979  
706.103  344.46  
733.966  593.826  
290.755  425.914  
290.292  686.449  
640.438  740.333  
439.155  285.491  
725.293  293.511  
734.033  417.165  
285.005  390.378  
725.016  716.748  
751.895  542.148  
280.074  635.034  
359.047  741.635  
587.107  293.82  
780.766  360.586  
755.1  632.389  
458.612  757.402  
407.185  766.206  
305.573  740.054  
300.709  264.415  
569.625  748.276  
515.216  756.718  
638.14  271.13  
545.082  745.463  
728.932  760.766  
275.947  664.235  
255.16  604.563  
273.879  511.946  
777.766  708.649  
491.424  262.672  
812.193  417.714  
245.604  536.884  
789.52  453.019  
233.707  772.692  
589.319  248.979  
239.741  734.699  
355.769  777.55  
680.823  763.976  
237.761  358.742  
379.711  247.354  
716.408  254.946  
780.593  259.593  
660.016  758.525  
236.54  663.479  
800.215  586.596  
768.404  669.776  
762.505  663.422  
247.287  429.51  
687.28  242.912  
547.985  771.471  
447.326  226.365  
235.57  696.228  
816.308  738.727  
455.147  257.211  
809.256  492.038  
784.946  652.11  
491.366  779.274  
603.238  803.545  
244.017  819.879  
218.224  466.093  
777.086  777.508  
229.404  302.327  
672.822  232.802  
813.752  317.851  
224.639  581.365  
501.86  222.95  
289.177  797.869  
788.273  389.923  
691.091  778.677  
453.804  817.163  
539.434  182.204  
786.257  666.637  
228.903  231.75  
220.524  640.559  
221.243  273.459  
764.839  226.878  
695.677  791.815  
665.043  787.441  
291.037  202.623  
527.164  801.119  
810.239  293.776  
306.699  824.613  
774.445  798.394  
848.81  640.982  
192.866  501.706  
189.557  415.805  
352.573  203.025  
718.895  812.965  
396.381  199.872  
733.476  213.948  
836.504  535.952  
666.861  801.606  
198.9  329.17  
332.399  805.502  
632.802  195.431  
800.115  794.577  
364.083  805.327  
839.827  261.979  
828.179  224.077  
855.44  383.71  
198.21  813.907  
