551.428  533.839  
412.257  529.455  
463.425  486.429  
550.942  475.47  
468.904  551.778  
494.881  446.409  
513.971  589.103  
581.261  590.732  
625.29  501.08  
395.387  462.911  
571.275  415.368  
441.642  598.542  
633.246  440.409  
640.149  556.576  
488.733  413.178  
428.956  395.072  
345.178  402.715  
416.613  633.942  
603.337  634.172  
509.191  644.65  
378.448  600.506  
644.835  594.083  
633.265  371.842  
512.134  378.193  
675.163  630.155  
338.605  559.182  
344.504  650.545  
372.587  354.839  
568.51  672.581  
627.613  676.731  
440.223  676.61  
418.722  334.917  
608.916  322.602  
301.803  512.933  
708.521  396.91  
513.631  339.736  
363.525  709.566  
689.772  528.08  
716.606  493.702  
690.082  461.937  
737.402  441.628  
727.333  562.957  
691.326  686.193  
718.514  347.62  
315.656  603.854  
672.784  311.058  
551.799  709.714  
321.071  685.144  
334.638  332.619  
734.107  655.41  
293.365  352.515  
279.216  318.273  
356.674  303.559  
488.624  724.099  
421.291  735.428  
636.864  723.214  
558.291  300.399  
264.222  725.796  
719.68  714.673  
481.476  302.519  
732.106  295.193  
730.343  380.475  
418.714  275.798  
769.499  604.024  
260.751  400.737  
275.735  607.458  
264.294  668.355  
265.863  465.651  
318.957  266.193  
711.597  762.074  
518.658  768.649  
574.552  777.357  
508.051  260.766  
624.048  260.075  
310.321  777.066  
712.222  247.474  
781.047  315.74  
768.975  722.223  
633.455  771.754  
366.447  783.197  
246.176  256.145  
762.697  259.81  
801.809  354.415  
791.806  504.175  
834.447  738.334  
467.093  784.643  
253.07  523.625  
566.427  251.671  
836.713  692.144  
201.655  288.182  
795.875  656.573  
756.384  793.339  
233.327  597.646  
805.335  402.417  
240.552  789.42  
824.769  453.182  
415.681  792.839  
377.958  222.434  
235.226  496.51  
204.544  657.787  
225.692  550.332  
842.438  279.119  
447.004  222.746  
674.641  802.623  
193.546  332.448  
826.755  564.719  
585.085  222  
309.878  210.254  
220.394  465.271  
815.844  788.145  
523.247  206.135  
796.916  225.062  
240.714  215.673  
641.66  209.679  
222.186  417.106  
685.618  199.524  
178.405  444.822  
196.781  516.938  
272.153  829.995  
841.431  630.185  
648.515  844.959  
498.411  824.059  
193.241  384.789  
778.646  837.552  
396.677  834.271  
338.51  853.353  
711.361  838.008  
220.764  843.568  
177.829  720.837  
535.686  841.82  
449.733  845.339  
169.306  240.043  
814.197  201.577  
727.062  205.38  
593.04  842.159  
742.911  176.835  
180.385  775.019  
196.474  178.271  
471.332  162.5  
618.525  181.547  
172  569.115  
143.201  625.751  
153.019  360.496  
825.385  860.74  
918.05  354.298  
264.84  177.927  
363.853  176.755  
888.781  230.745  
859.384  516.041  
862.188  156.796  
815.502  155.941  
899.528  179.598  
872.566  844.454  
122.396  201.003  
112  802.413  
157.255  862.988  
598.947  153.588  
307.714  146.491  
869.401  350.416  
404.756  138.474  
868.263  321.756  
563.531  877.585  
148.467  537.952  
877.19  424.104  
879.912  567.083  
918.551  463.709  
877.687  796.304  
129.185  505.189  
140.166  301.799  
410.182  890.519  
122.106  398.456  
755.705  880.759  
142.108  148.861  
699.928  876.474  
477.592  913.554  
125.714  691.882  
699.175  115  
600.667  894.112  
217.18  904.92  
880.396  651.891  
121.674  744.531  
736.056  135.408  
236.101  133.536  
526.374  897.282  
907.828  325.757  
289.802  888.695  
100.912  262.231  
