510.326  517.025  
555.632  472.855  
479.277  562.055  
503.397  422.398  
595.136  598.105  
638.737  576.358  
408.039  459.693  
427.129  413.389  
625.706  507.715  
533.75  588.982  
572.355  408.01  
395.392  508.887  
496.778  629.385  
553.333  605.306  
443.815  634.988  
657.059  670.609  
382.08  623.134  
674.949  405.597  
590.433  650.332  
364.049  557.89  
446.367  354.136  
661.555  467.096  
678.843  636.202  
349.095  372.95  
572.217  671.6  
330.112  525.318  
605.702  345.904  
399.464  703.984  
390.899  317.82  
440.998  689.819  
692.367  505.044  
335.97  419.955  
496.68  683.115  
322.722  587.945  
529.57  306.698  
716.082  338.358  
718.934  585.838  
472.748  310.605  
310.48  466.682  
702.833  561.119  
350.589  339.674  
660.982  287.403  
268.792  668.128  
474.55  696.664  
317.396  558.209  
585.017  729.164  
284.596  611.016  
346.324  278.05  
388.323  742.709  
676.075  728.182  
491.19  743.241  
256.903  309.782  
756.19  707.767  
580.834  267.901  
735.6  524.162  
297.473  374.415  
734.57  624.151  
342.538  750.064  
639.718  743.891  
321.854  797.261  
779.919  493.122  
238.035  399.814  
800.645  654.742  
243.729  495.819  
746.117  275.834  
240.586  546.241  
545.575  765.085  
739.431  767.799  
281.918  298.588  
777.312  428.209  
677.074  804.944  
255.348  247.2  
278.358  765.762  
802.769  579.484  
236.576  740.597  
765.374  369.716  
387.302  790.208  
433.264  249.806  
808.195  773.679  
470.745  219  
232.582  694.652  
236.456  606.742  
463.718  788.473  
407.919  239.766  
805.128  305.166  
613.034  223.857  
538.836  811.544  
736.327  224.192  
459.468  839.929  
356.01  211.352  
795.13  209.313  
824.448  373.825  
200.121  606.558  
801.324  743.2  
448.733  809.951  
727.012  815.656  
208.859  340.42  
543.682  210.752  
643.027  816.527  
419.906  212.173  
224.635  807.433  
184.604  456.05  
729.42  177.842  
595.125  814.685  
274.976  179.102  
776.06  824.131  
678.021  166.36  
201.188  764.863  
820.292  413.572  
860.707  694.208  
840.948  854.272  
149.337  538.113  
747.27  819.914  
143.085  274.023  
833.574  219.385  
397.235  818.505  
155.252  210.558  
204.124  179.43  
183.135  717.037  
181.935  875.114  
523.9  182.358  
601.01  191.352  
768.072  177.002  
859.29  497.672  
294.54  860.793  
180.132  418  
185.525  816.464  
133.557  685.545  
513.533  843.036  
419.76  162.89  
903.936  440.211  
871.752  623.243  
460.078  164.961  
597.749  150.692  
880.655  305.854  
135.317  351.113  
173.224  236.914  
865.519  740.653  
554.042  856.722  
451.125  185.958  
327.309  142.624  
861.451  171.816  
377.502  865.142  
233.091  872.926  
134.053  631.929  
155.852  380.863  
856.376  788.933  
714.762  855.61  
503.949  152.293  
613.358  891.764  
861.432  255.443  
780.661  874.377  
141.76  757.828  
880.976  394.538  
162.41  690.41  
366.784  117.079  
476.682  897.894  
687.746  898.99  
744.059  884.797  
886.404  807.274  
140.659  797.744  
800.695  141.552  
910.191  241.632  
900.712  570.187  
397.339  902.664  
128.921  847.877  
144.443  126.384  
100.162  446.064  
142.54  450.541  
172.925  144.709  
553.547  922.728  
218.933  101.016  
894.713  888.561  
66.5751  164.484  
536.672  102.482  
912.346  363.86  
816.883  95.4039  
104.777  400.3  
113.825  940.349  
932.317  182.672  
923.708  757.956  
824.158  913.728  
313.715  917.674  
590.399  928.632  
772.648  115.105  
924.317  718.189  
437.553  923.716  
