489.955  540.763  
479.927  504.695  
522.371  516.011  
524.975  497.126  
525.344  532.824  
555.494  499.446  
497.971  463.576  
578.529  528.624  
504.973  578.627  
542.494  561.448  
568.848  451.8  
459.074  571.863  
571.096  565.187  
439.553  538.993  
476.927  583.209  
418.644  483.73  
423.461  435.453  
547.978  595.252  
512.135  439.486  
580.811  593.796  
430.755  584.171  
408.722  521.524  
615.187  534.702  
598.437  441.09  
617.59  479.031  
527.69  404.228  
512.992  623.161  
468.237  403.134  
621.028  560.705  
610.843  594.919  
582.095  422.687  
444.014  642.504  
440.999  412.03  
619.443  417.276  
562.771  410.314  
385.121  557.981  
397.231  641.865  
392.949  599.098  
627.211  618.039  
580.593  397.978  
471.641  648.044  
377.377  412.59  
553.941  640.077  
649.754  455.321  
594.874  644.142  
368.319  464.514  
403.314  381.915  
615.795  379.547  
656.848  508.089  
369.87  594.039  
493.044  373.43  
492.363  673.796  
443.422  374.04  
620.1  654.951  
583.305  370.999  
661.01  589.678  
648.262  368.779  
675.817  420.959  
644.159  662.885  
351.415  518.426  
368.775  362.239  
667.066  549.513  
668.674  629.587  
570.951  679.794  
526.281  343.673  
688.027  476.277  
351.971  659.25  
524.304  691.289  
438.292  343.022  
570.088  329.726  
688.806  374.028  
675.194  682.276  
683.739  324.763  
624.369  325.78  
334.081  576.198  
321.48  464.131  
305.227  441.069  
603.672  697.192  
435.53  706.606  
388.266  699.986  
499.46  318.068  
313.118  405.82  
631.259  689.069  
325.794  633.135  
343.883  317.083  
696.521  520.666  
706.796  556.054  
712.279  642.134  
313.088  347.439  
713.813  591.794  
328.33  701.227  
650.307  730.674  
411.611  289.378  
686.109  724.364  
308.425  516.48  
732.872  701.953  
533.851  719.894  
293.419  639.188  
612.465  739.331  
725.881  338.558  
718.744  455.573  
559.133  741.228  
454.686  304.663  
728.644  498.733  
278.707  552.228  
725.282  397.817  
479.187  737.276  
288.471  372.492  
665.093  302.335  
383.016  744.429  
300.138  282.115  
608.753  280.429  
536.208  266.364  
740.362  288.848  
741.104  529.791  
301.426  741.073  
271.441  405.49  
749.891  419.826  
687.959  289.621  
275.132  699.052  
759.813  607.339  
267.971  601.49  
377.885  265.854  
581.999  258.042  
645.591  262.227  
426.679  734.238  
672.58  273.22  
272.962  494.737  
762.432  647.822  
479.365  271.297  
511.545  751.977  
342.773  778.301  
716.492  271.212  
449.665  746.302  
758.223  457.563  
765.479  361.537  
263.893  350.783  
771.019  564.811  
718.867  768.76  
763.092  309.651  
424.796  766.838  
697.466  262.339  
666.95  785.861  
404.217  769.215  
768.809  736.973  
252.991  732.476  
768.047  494.644  
763.734  333.317  
779.545  522.945  
268.087  235.599  
454.826  232.23  
237.128  427.572  
247.802  304.276  
355.999  231.691  
576.801  776.441  
443.539  789.86  
509.866  225.514  
774.312  269.759  
285.925  780.346  
248.664  670.621  
759.975  238.017  
231.439  463.823  
787.891  674.572  
227.671  619.491  
797.096  375.92  
786.853  775.865  
471.766  789.483  
316.8  785.103  
792.527  427.859  
228.755  783.723  
701.513  233.153  
501.041  805.193  
625.937  801.593  
621.404  776.349  
782.884  248.696  
230.354  516.094  
737.762  232.327  
588.343  798.577  
801.039  305.989  
223.793  351.607  
226.663  283.039  
216.455  564.654  
740.505  810.559  
220.083  383.146  
539.289  813.923  
806.866  474.878  
392.901  806.822  
