516.756  504.362  
483.016  543.105  
481.208  503.429  
533.26  561.832  
567.834  535.091  
549.172  502.482  
530.763  461.927  
470.335  475.702  
493.425  467.303  
578.505  493.696  
435.276  481.954  
450.213  563.709  
574.597  444.199  
438.548  531.044  
459.886  445.636  
499.468  588.047  
497.873  430.262  
586.298  578.535  
599.022  469.517  
423.654  568.942  
560.422  599.233  
467.501  608.627  
541.889  417.923  
422.509  614.818  
414.161  430.828  
417.477  506.024  
611.509  537.006  
605.383  413.62  
619.513  614.207  
460.708  414.234  
400.111  581.363  
398.1  449.382  
523.076  626.019  
622.339  567.522  
398.921  533.217  
625.894  488.49  
422.859  402.099  
640.441  593.137  
550.951  385.526  
655.32  452.471  
592.208  638.373  
515.717  396.594  
375.179  503.669  
464.381  380.235  
643.154  421.914  
370.957  606.188  
368.124  469.094  
638.246  523.996  
378.04  563.238  
381.966  399.872  
549.128  659.949  
647.019  389.874  
589.844  371.812  
472.912  647.438  
401.805  376.174  
655.022  550.461  
632.731  648.873  
426.152  644.702  
656.016  503.32  
357.84  653.94  
623.025  372.987  
353.995  424.001  
394.998  665.537  
334.167  536.173  
487  355.107  
672.69  579.715  
671.248  643.47  
364.097  356.301  
638.942  354.122  
663.425  667.096  
334.661  363.467  
675.611  482.485  
686.798  529.561  
424.987  337.762  
345.065  386.308  
493.681  667.381  
464.415  687.343  
506.917  341.865  
545.403  351.574  
421.595  673.509  
676.723  376.013  
625.126  675.257  
383.427  351.184  
689.181  410.204  
678.394  620.115  
600.637  672.133  
324.891  581.215  
692.656  350.855  
689.822  603.231  
602.898  334.062  
651.048  690.248  
321.023  635.296  
664.061  322.811  
371.664  695.875  
706.044  571.564  
379.813  326.91  
553.774  689.423  
322.439  481.827  
715.474  451.963  
697.101  672.305  
523.743  703.448  
346.99  334.514  
699.243  496.961  
688.813  700.816  
586.708  706.384  
456.076  321.336  
539.051  324.118  
625.133  705.013  
318.143  432.946  
305.429  394.321  
307.548  333.334  
312.202  677.478  
702.961  383.939  
422.606  720.598  
703.46  316.665  
710.011  636.239  
481.134  316.586  
632.32  308.87  
347.789  724.666  
341.145  304.287  
568.836  302.662  
295.806  708.085  
294.545  511.395  
732.954  528.566  
726.395  606.597  
726.535  660.214  
664.822  723.496  
727.245  554.881  
286.699  460.374  
308.981  303.58  
510.265  295.574  
556.636  732.051  
505.317  736.869  
298.109  607.069  
731.843  695.927  
743.998  363.366  
720.549  622.648  
472.892  725.103  
724.762  386.509  
733.845  497.778  
734.018  725.944  
422.572  299.07  
377.209  293.404  
704.768  736.247  
463.37  294.721  
750.649  418.373  
613.327  743.697  
741.046  328.112  
286.019  359.229  
589.473  275.909  
670.758  279.093  
263.634  421.545  
623.862  285.701  
716.401  286.053  
256.677  663.363  
757.803  636.174  
651.962  757.926  
264.558  736.441  
273.416  302.862  
759.955  296.108  
406.246  761.605  
762.483  570.429  
328.373  749.075  
256.426  543.248  
438.856  278.125  
263.185  616.706  
398.313  266.185  
336.608  269.5  
543.929  260.435  
460.972  762.235  
288.387  263.27  
761.921  597.465  
756.059  391.284  
679.914  753.29  
248.626  384.944  
490.466  274.319  
754.452  266.856  
772.979  464.355  
757.845  492.15  
459.774  265.202  
763.359  674.863  
764.023  767.419  
255.684  496.918  
262.003  328.876  
249.862  265.417  
594.644  769.488  
546.391  769.178  
