528.07  503.806  
504.62  530.867  
482.52  503.276  
505.223  475.492  
549.886  529.987  
452.327  537.759  
532.424  559.776  
565.407  487.477  
496.347  558.79  
463.51  467.602  
543.621  468.532  
568.273  575.605  
517.119  436.494  
553.145  429.006  
470.519  427.443  
425.257  483.414  
466.957  587.305  
509.728  596.153  
595.119  524.525  
590.145  433.412  
440.218  436.642  
425.853  609.224  
597.659  568.924  
548.611  599.555  
602.671  465.418  
420.843  560.318  
622.103  491.17  
420.474  415.664  
574.715  630.538  
629.249  605.226  
488.776  625.895  
499.414  392.307  
407.96  579.808  
627.365  404.833  
406.59  525.29  
441.287  395.257  
392.158  438.855  
586.233  392.518  
452.871  654.502  
382.118  556.504  
637.562  547.803  
387.2  603.701  
650.398  456.664  
530.665  647.222  
525.753  370.873  
383.837  496.05  
386.716  392.457  
459.571  373.731  
637.13  514.8  
552.226  359.849  
650.586  629.665  
376.75  638.509  
401.377  661.436  
421.408  369.674  
592.443  657.751  
645.709  490.252  
669.408  415.791  
354.736  520.134  
664.669  370.526  
666.794  504.013  
613.664  351.409  
621.103  670.763  
501.972  672.604  
348.592  461.598  
684.118  673.259  
392.087  348.053  
364.637  657.928  
351.5  588.976  
345.127  411.338  
545.338  692.322  
351.556  500.219  
672.096  588.471  
341.521  543.267  
336.135  623.475  
477.32  346.218  
668.993  545.082  
570.243  329.612  
342.729  373.958  
372.15  679.495  
338.245  331.392  
678.721  335.347  
339.119  666.094  
440.864  341.338  
692.016  461.326  
693.708  622.659  
444.128  713.862  
697.899  561.866  
581.235  702.975  
518.34  329.765  
640.644  305.497  
711.488  486.865  
315.039  700.743  
699.408  514.671  
371.158  703.922  
343.282  707.538  
712.943  391.089  
402.649  702.878  
486.64  324.561  
653.501  721.254  
725.447  602.503  
305.702  582.654  
317.238  489.99  
698.432  362.672  
498.226  714.585  
599.372  309.488  
313.817  436.973  
460.658  301.235  
419.035  314.284  
301.497  521.119  
307.549  384.613  
717.711  312.276  
719.674  443.583  
738.213  526.166  
609.561  749.046  
385.452  297.758  
305.415  660.635  
520.256  297.782  
750.603  351.876  
301.955  281.877  
297.925  630.998  
722.338  730.469  
360.021  729.3  
289.308  334.181  
390.508  750.351  
291.08  469.308  
297.788  424.286  
679.656  291.381  
740.651  682.831  
754.296  566.614  
422.4  270.392  
345.393  284.172  
549.697  281.02  
736.435  417.071  
299.288  749.405  
583.239  279.87  
341.522  751.966  
750.417  639.391  
693.631  748.275  
273.173  422.403  
747.299  465.551  
753.546  488.514  
503.701  758.079  
283.346  650.965  
277.603  685.339  
274.897  548.934  
750.11  322.09  
271.646  374.177  
539.235  763.203  
758.746  400.433  
765.926  452.9  
738.284  264.617  
704.117  266.812  
744.851  744.164  
436.943  777.217  
263.186  497.731  
266.306  626.431  
619.963  256.408  
760.038  276.485  
471.293  757.144  
257.276  731.815  
267.25  304.984  
508.735  271.409  
663.364  252.974  
759.298  432.137  
468.187  270.297  
375.814  248.254  
766.343  714.671  
261.711  574.964  
251.561  460.702  
561.663  249.203  
493.507  257.429  
276.396  254.261  
775.499  753.05  
236.158  680.286  
248.152  335.222  
683  784.876  
276.773  768.223  
240.127  276.139  
778.402  296.783  
247.696  607.048  
336.488  242.286  
788.273  603.659  
528.744  232.187  
354.137  793.115  
463.02  244.192  
756.994  778.582  
790.493  391.937  
