505.971  515.128  
519.871  496.157  
541.075  497.885  
475.014  527.49  
503.212  470.38  
551.132  533.882  
528.795  558.555  
485.368  485.855  
550.573  473.987  
483.722  574.679  
465.07  483.037  
530.357  464.591  
475.09  455.766  
568.092  506.624  
436.91  559.325  
562.301  448.934  
570.964  548.342  
567.895  591.56  
437.852  461.902  
581.815  483.569  
436.585  513.702  
523.053  436.847  
521.773  598.791  
461.834  432.556  
488.907  440.244  
592.139  431.856  
602.667  547.937  
608.307  511.836  
430.71  422.569  
426.71  596.448  
495.22  596.207  
621.528  481.828  
614.304  593.544  
403.35  467.551  
500.592  407.437  
465.635  624.175  
546.429  411.394  
622.863  419.986  
375.485  551.351  
392.555  428.576  
388.648  510.048  
455.409  399.25  
422.477  636.439  
594.329  627.436  
505.012  637.811  
407.508  404.992  
560.73  643.295  
390.234  588.299  
637.327  452.976  
562.641  387.484  
411.212  389.056  
636.721  615.142  
615.713  657.775  
373.091  405.244  
598.651  375.815  
382.716  606.897  
649.652  408.76  
647.87  554.628  
536.933  380.379  
464.08  379.468  
370.927  627.821  
492.751  373.141  
388.615  664.826  
664.394  501.724  
434.708  367.462  
347.236  478.778  
378.036  377.047  
663.945  638.865  
669.188  604.743  
369.674  460.931  
626.336  364.418  
667.245  465.245  
654.451  348.65  
360.305  442.174  
401.003  362.061  
526.586  356.239  
544.274  663.346  
348.832  382.644  
364.102  421.844  
360.352  351.427  
522.53  680.996  
354.452  595.511  
558.412  334.641  
680.042  413.005  
643.814  668.361  
481.37  681.258  
436.296  688.956  
701.491  379.465  
453.117  338.752  
693.157  593.023  
697.504  681.758  
350.793  651.709  
496.8  352.791  
680.403  445.632  
332.498  562.586  
686.496  559.046  
329.107  623.58  
317.854  661.691  
322.828  433.107  
330.084  517.97  
408.685  336.186  
592.551  326.713  
560.774  698.823  
359.588  698.255  
635.936  707.733  
492.521  334.658  
623.618  322.562  
691.052  516.676  
527.481  322.424  
319.78  387.306  
688.357  325.121  
710.016  631.416  
586.747  710.822  
332.366  329.737  
328.483  538.747  
327.086  683.977  
372.981  319.875  
698.717  478.271  
710.842  467.001  
403.58  715.416  
308.662  576.437  
305.759  695.385  
714.014  431.861  
465.256  701.655  
312.414  352.011  
715.107  512.903  
459.03  309.085  
579.347  306.451  
673.056  735.047  
302.44  482.031  
492.816  317.608  
505.481  729.802  
398.331  307.91  
324.705  723.219  
302.552  305.254  
647.858  301.009  
727.477  354.115  
724.84  567.481  
497.91  289.516  
425.784  291.206  
722.242  718.442  
463.446  715.848  
696.095  300.585  
748.955  326.31  
296.47  522.579  
730.133  290.824  
294.941  393.563  
345.888  288.794  
382.344  282.795  
736.956  455.895  
610.518  740.084  
371.23  738.658  
267.781  618.696  
285.709  338.69  
754.512  419.04  
457.571  740.984  
552.653  292.305  
280.669  733.538  
268.596  421.086  
673.851  275.778  
418.677  737.574  
274.816  682.245  
273.659  585.543  
618.785  284.783  
568.691  744.203  
276.269  463.306  
745.981  518.467  
255.823  368.807  
577.171  271.603  
753.265  609.129  
269.006  547.432  
755.967  482.338  
751.964  645.398  
708.213  769.724  
545.857  257.435  
278.674  263.716  
255.89  653.487  
769.422  710.777  
543.855  750.068  
427.769  753.727  
752.307  566.231  
325.953  761.164  
253.621  502.312  
441.871  255.333  
711.896  268.154  
764.704  375.524  
516.033  257.241  
