498.49  514.92  
539.881  482.337  
532.09  545.211  
474.26  459.185  
459.716  541.162  
483.544  567.376  
571.69  524.963  
577.503  551.59  
501.626  604.001  
422.48  500.43  
590.128  484.957  
544.421  593.494  
594.01  432.601  
597.574  605.766  
416.725  594.335  
506.064  395.748  
456.673  615.848  
420.65  429.916  
547.681  377.531  
628.856  556.377  
390.928  551.041  
627.862  460.633  
447.459  369.916  
604.979  371.46  
540.35  644.945  
372.106  462.426  
657.867  506.607  
389.049  390.709  
425.237  638.413  
631.445  646.811  
383.34  640.635  
646.173  399.896  
649.56  418.823  
480.527  660.576  
643.088  350.462  
353.64  599.252  
368.146  509.424  
653.79  431.494  
662.695  453.99  
577.197  655.76  
349.144  410.882  
399.745  358.962  
432.27  667.864  
659.579  375.101  
682.552  673.026  
593.862  666.146  
356.626  534.267  
340.233  655.877  
668.068  563.032  
691.501  625.418  
673.572  413.885  
374.253  340.739  
688.682  590.405  
513.367  673.998  
397.537  681.204  
322.897  356.621  
567.927  695.213  
685.391  324.466  
336.895  556.212  
680.934  548.525  
637.575  677.073  
330.921  514.227  
704.711  390.945  
463.466  702.174  
354.641  705.919  
570.164  317.301  
709.26  534.377  
710.33  464.673  
621.66  697.03  
412.242  325.497  
511.754  708.725  
491.267  311.165  
310.716  430.822  
356.238  306.068  
433.748  719.214  
308.904  484.353  
298.779  616.828  
659.507  710.622  
294.098  683.587  
298.671  553.605  
396.607  730.458  
723.833  572.393  
308.328  738.268  
626.929  299.049  
445.349  300.627  
310.975  281.68  
719.738  705.649  
606.388  743.467  
693.373  722.771  
380.885  271.307  
734.598  296.433  
746.104  608.686  
744.495  667.588  
297.216  511.792  
733.642  584.715  
408.524  243.889  
753.515  360.759  
279.206  327.261  
756.239  482.152  
733.48  749.62  
664.407  284.941  
748.03  718.412  
670.844  769.002  
555.327  275.662  
546.915  760.99  
279.295  381.064  
737.871  392.729  
499.006  737.016  
257.419  470.719  
642.074  282.654  
434.538  281.137  
448.929  278.247  
456.973  253.524  
769.809  424.509  
486.526  773.027  
261.963  651.667  
771.075  544.348  
262.756  415.851  
690.714  254.764  
364.847  772.401  
250.774  559.436  
618.512  266.463  
498.342  270.684  
259.755  714.141  
256.338  286.492  
650.133  273.63  
269.229  771.434  
421.915  795.223  
261.828  604.399  
324.767  781.648  
773.712  242.212  
242.386  356.864  
722.926  246.547  
648.759  233.266  
783.14  336.015  
779.45  287.661  
331.271  228.277  
493.522  232.961  
287.99  233.145  
798.561  618.824  
579.606  237.516  
786.022  732.716  
752.728  810.97  
240.373  610.467  
794.168  688.361  
794.485  769.035  
221.922  239.367  
529.77  222.077  
212.042  504.588  
238.481  696.763  
604.807  803.382  
230.753  787.151  
226.241  739.594  
804.614  396.136  
216.764  632.173  
798.86  480.636  
213.474  664.859  
216.766  291.2  
291.768  823.129  
230.465  685.281  
813.118  309.805  
226.311  764.735  
210.067  404.681  
236.459  182.976  
613.126  202.923  
553.078  828.222  
344.388  837.106  
368.41  194.59  
814.693  348.786  
827.291  806.051  
209.606  597.535  
209.596  365.11  
814.288  211.871  
197.988  704.582  
729.559  196.83  
838.466  278.363  
825.242  551.134  
688.463  204.13  
670.163  846.907  
386.789  840.457  
250.652  825.931  
446.313  208.82  
840.671  438.349  
210.362  327.049  
825.562  499.756  
490.104  838.745  
193.956  448.229  
