521.714  511.092  
495.367  556.092  
479.467  487.153  
470.112  540.251  
549.82  472.956  
559.64  517.806  
560.852  578.789  
497.736  455.27  
460.085  560.478  
540.603  425.556  
449.054  473.214  
587.475  485.701  
440.407  510.401  
439.183  431.672  
437.168  557.489  
528.949  606.367  
478.818  423.555  
488.964  612.885  
605.255  536.27  
581.774  397.999  
594.279  622.131  
429.001  605.243  
620.483  576.029  
613.863  453.626  
401.815  478.104  
491.387  389.405  
399.812  549.524  
460.825  645.779  
413.93  369.8  
389.142  398.997  
644.413  426.295  
388.709  610.333  
446.673  381.127  
642.539  617.048  
561.219  650.919  
645.778  514.146  
524.758  653.975  
365.435  450.411  
518.589  358.44  
619.94  362.68  
407.157  693.072  
397.291  645.101  
648.272  373.194  
371.564  657.445  
356.528  556.414  
617.161  674.35  
638.309  649.181  
438.008  705.988  
358.225  398.653  
654.333  562.269  
564.158  354.124  
658.984  662.882  
456.974  344.11  
353.406  494.919  
676.162  603.328  
670.376  458.54  
669.209  347.316  
679.669  529.907  
670.815  380.518  
580.888  705.572  
346.694  351.952  
640.667  669.91  
541.859  690.353  
490.706  694.359  
591.777  342.438  
374.213  337.084  
638.452  335.971  
331.192  640.085  
702.257  671.253  
706.653  422.232  
380.744  301.719  
483.516  312.331  
650.611  712.897  
420.435  310.284  
701.907  483.962  
699.095  363.687  
313.729  454.358  
603.19  309.872  
314.436  579.799  
558.605  301.869  
367.899  729.46  
324.592  399.388  
314.438  519.391  
522.038  311.873  
656.504  312.348  
709.309  561.452  
319.757  720.693  
681.332  725.167  
315.928  368.042  
692.793  294.795  
334.079  308.065  
725.027  609.311  
352.788  296.619  
297.185  333.217  
714.907  334.525  
617.17  731.904  
282.222  661.485  
628.321  289.768  
542.041  751.133  
447.805  298.479  
725.288  311.363  
751.716  552.282  
300.748  606.244  
714.098  753.804  
485.421  752.592  
287.218  409.975  
723.133  352.419  
753.499  706.355  
744.652  483.386  
730.004  378.928  
296.473  285.103  
268.187  577.128  
765.231  347.814  
747.243  277.543  
752.744  656.546  
393.023  265.439  
513.248  268.932  
286.72  605.097  
284.485  533.864  
284.738  750.471  
272.505  503.393  
758.051  430.325  
649.761  249.431  
422.253  798.643  
272.664  377.727  
457.203  261.275  
481.393  258.314  
431.168  259.72  
335.1  264.59  
763.126  390.977  
649.994  772.865  
600.742  775.653  
261.608  335.121  
602.708  243.4  
258.912  451.384  
565.528  238.515  
678.63  773.423  
303.4  250.398  
783.778  761.485  
742.849  795.218  
251.084  247.53  
256.796  782.751  
260.756  293.228  
358.626  248.807  
331.721  777.883  
790.523  640.937  
263.574  406.686  
695.397  243.449  
245.795  540.111  
464.752  792.608  
380.514  795.288  
405.643  242.836  
782.14  488.275  
238.084  642.724  
231.271  386.202  
231.741  722.495  
529.756  232.99  
232.989  315.531  
791.573  310.957  
801.415  270.079  
743.456  230.95  
784.607  222.38  
238.711  486.175  
796.375  588.24  
329.424  227.204  
527.947  800.758  
815.395  430.207  
796.826  540.878  
219.789  456.855  
368.437  209.213  
416.183  219.125  
493.939  214.998  
639.769  819.476  
594.037  818.245  
554.248  827.18  
214.7  595.824  
447.744  220.064  
211.792  675.939  
820.334  699.74  
501.608  821.959  
202.703  270.846  
210.87  535.763  
695.657  852.02  
357.175  823.682  
209.171  782.254  
267.36  203.402  
722.434  202.626  
