505.532  498.78  
490.941  531.794  
540.112  527.76  
547.966  479.373  
527.591  569.022  
508.822  460.796  
462.664  453.356  
463.495  482.116  
568.833  551.707  
464.588  570.695  
444.006  536.962  
432.371  487.181  
584.563  499.687  
564.636  582.186  
572.072  435.622  
546.036  437.498  
594.694  596.11  
523.485  419.287  
509.311  607.711  
489.358  408.552  
553.368  598.428  
436.648  616.971  
615.878  463.747  
418.375  422.425  
578.22  412.442  
445.636  393.685  
611.988  430.811  
478.756  617.116  
617.496  549.197  
397.924  497.7  
416.865  549.18  
546.067  620.781  
549.262  405.006  
625.179  501.29  
400.4  557.877  
398.828  623.763  
372.056  590.408  
625.047  394.328  
634.709  583.185  
574.655  652.09  
368.994  439.516  
641.338  621.208  
593.936  399.64  
389.001  525.288  
384.163  405.033  
608.151  652.652  
635.021  427.411  
472.847  646.855  
410.202  649.878  
404.704  376.383  
534.448  370.4  
575.574  371.519  
531.672  668.954  
646.863  523.47  
611.257  358.005  
668.627  462.056  
366.19  527.11  
661.86  412.851  
491.283  353.218  
662.893  552.522  
497.46  651.005  
367.486  357.812  
375.873  667.649  
660.992  374.158  
673.525  504.452  
635.122  676.542  
673.641  664.365  
342.998  637.789  
679.856  589.837  
415.49  350.262  
438.636  337.596  
335.352  488.134  
484.178  682.495  
412.78  686.619  
555.975  346.475  
341.035  544.395  
678.666  621.749  
348.254  391.228  
444.891  682.38  
396.443  351.254  
672.551  351.412  
630.276  313.106  
578.654  332.574  
315.62  686.009  
338.559  449.228  
318.47  360.457  
691.866  410.924  
581.914  714.396  
347.185  720.132  
388.694  326.374  
711.253  437.347  
696.807  336.862  
325.646  414.621  
349.215  315.928  
538.583  319.195  
700.817  562.192  
704.056  698.688  
704.208  379.626  
317.737  592.996  
326.488  443.793  
451.279  311.117  
715.968  525.805  
375.891  705.31  
659.788  316.103  
622.019  721.789  
322.839  466.404  
503.045  312.429  
443.373  725.653  
593.061  297.88  
715.703  646.245  
704.958  614.3  
660.94  730.587  
403.147  317.151  
308.99  533.448  
531.649  725.329  
489.932  727.702  
305.749  447.089  
299.778  318.056  
304.206  620.233  
709.593  297.957  
733.976  473.273  
561.481  287.674  
726.407  500.699  
724.171  602.156  
397.973  750.107  
469.976  274.546  
298.033  404.629  
332.711  285.636  
289.202  561.113  
731.298  367.087  
390.312  285.236  
728.87  567.763  
282.913  465.947  
664.412  268.927  
690.193  727.483  
290.112  371.501  
284.954  646.095  
518.456  280.233  
717.057  746.802  
314.789  730.625  
288.777  679.796  
291.075  291.346  
745.104  328.597  
745.464  691.983  
741.088  626.157  
735.653  406.814  
286.797  745.96  
424.024  263.622  
263.843  602.854  
265.038  487.76  
273.191  422.122  
260.182  696.751  
756.999  439.756  
272.332  338.813  
325.086  762.349  
251.959  516.681  
769.421  405.852  
759.037  582.803  
741.412  262.442  
762.319  296.683  
570.278  765.716  
753.729  516.925  
759.223  748.562  
276.03  314.854  
271.187  271.189  
262.037  372.185  
305.032  262.502  
762.232  632.829  
633.672  772.879  
618.191  253.582  
755.408  544.875  
540.912  776.909  
675.732  774.414  
788.836  660.015  
761.154  368.428  
507.81  783.37  
256.45  306.292  
482.877  766.52  
255.931  654.964  
360.395  256.344  
525.753  243.305  
242.083  552.558  
601.565  796.641  
450.147  777.419  
576.102  242.262  
774.586  484.087  
252.435  736.057  
