536.804  516.204  
490.398  505.063  
496.17  538.14  
527.522  482.114  
551.865  575.612  
463.682  478.358  
493.545  458.967  
565.596  481.284  
452.671  532.952  
493.592  566.04  
448.423  570.959  
526.67  453.885  
545.044  438.477  
582.96  528.935  
578.746  447.608  
433.124  503.446  
424.67  466.358  
460.088  424.455  
495.156  600.94  
610.069  471.662  
611.674  512.358  
510.171  431.44  
574.548  415.798  
611.243  561.399  
616.618  436.814  
460.406  604.467  
434.607  614.148  
403.834  430.308  
419.953  581.38  
625.836  598.784  
415.281  560.495  
409.708  518.895  
522.614  408.626  
372.034  542.523  
584.015  638.122  
395.633  602.082  
634.733  390.809  
416.414  623.936  
518.862  639.898  
409.628  398.329  
560.541  382.201  
405.667  635.272  
379.778  499.795  
385.291  468.438  
439.88  383.444  
479.678  380.037  
652.633  505.649  
457.106  659.095  
646.053  637.91  
367.875  396.598  
660.933  466.836  
377.423  659.937  
654.58  551.325  
525.07  367.732  
361.806  584.296  
394.618  377.028  
354.214  621.937  
415.516  661.108  
382.673  359.316  
358.482  446.304  
489.54  368.726  
660.029  436.351  
562.102  671.199  
366.114  428.497  
407.173  356.044  
337.991  473.999  
364.234  368.251  
593.397  338.792  
687.352  590.283  
485.012  346.197  
655.412  344.191  
609.074  685.904  
438.475  325.904  
493.298  684.311  
352.137  645.196  
354.557  360.344  
340.962  420.89  
553.256  337.301  
695.296  425.487  
681.511  532.447  
689.785  699  
528.221  681.547  
339.525  499.931  
370.771  329.773  
683.444  638.329  
636.462  697.881  
336.978  676.059  
398.077  697.96  
333.413  371.176  
335.524  335.46  
506.849  324.511  
315.782  603.563  
706.762  380.756  
713.374  485.474  
711.311  661.768  
326.154  657.656  
320.185  512.409  
302.779  562.424  
354.001  701.488  
318.225  444.509  
402.331  316.813  
704.33  348.041  
311.702  406.304  
734.475  549.604  
563.092  707  
699.978  519.125  
530.251  324.695  
707.288  309.975  
652.639  706.426  
314.902  536.07  
625.932  320.41  
464.399  704.081  
317.148  721.418  
505.272  727.075  
441.387  731.095  
290.659  358.535  
732.117  633.856  
320.306  640.592  
479.118  292.308  
662.897  298.963  
313.324  306.051  
613.681  305.745  
308.549  648.714  
561.323  304.23  
733.768  446.499  
314.898  687.49  
304.643  378.915  
346.297  303.047  
294.593  493.641  
607.744  725.529  
291.437  689.036  
290.574  473.058  
537.374  273.546  
379.012  292.364  
356.928  732.305  
296.068  662.733  
280.486  627.655  
593.087  280.56  
765.634  604.246  
735.928  700.241  
672.252  743.904  
394.594  738.466  
750.341  353.539  
273.456  433.313  
764.172  405.507  
416.325  291.527  
326.993  284.682  
751.764  320.637  
287.196  517.32  
550.607  745.847  
277.151  310.433  
399.423  285.66  
589.704  751.112  
290.365  289.871  
631.34  260.094  
741.451  736.374  
266.582  716.028  
762.015  285.609  
282.521  757.577  
350.155  276.714  
279.921  531.55  
280.173  463.911  
262.997  664.905  
275.234  593.981  
708.191  268.27  
774.208  666.901  
302.322  257.318  
431.412  253.26  
571.591  272.289  
773.978  480.504  
265.135  276.49  
247.238  334.531  
740.092  761.505  
625.208  760.59  
342.433  761.972  
261.06  578.619  
253.257  503.092  
249.465  390.922  
482.498  238.314  
756.529  713.826  
256.951  546.8  
367.146  263.791  
388.384  242.395  
530.2  783.937  
476.969  776.504  
670.079  246.038  
405.044  765.376  
