498.719  523.362  
536.737  519.211  
504.992  480.301  
541.666  474.236  
473.24  560.445  
456.414  511.533  
468.301  460.291  
561.392  557.214  
515.178  571.837  
578.055  498.717  
575.199  528.018  
580.393  470.045  
520.648  433.637  
556.957  433.741  
442.037  580.638  
549.352  592.27  
593.869  439.96  
417.663  473.21  
588.282  599.95  
427.986  421.842  
484.712  417.702  
411.735  528.998  
609.545  566.606  
486.144  612.573  
612.941  526.981  
415.296  604.137  
579.195  403.722  
622.528  494.554  
621.139  459.851  
513.281  630.095  
621.793  421.644  
463.976  633.12  
616.396  626.732  
381.729  558.522  
549.198  629.248  
535.868  382.976  
428.918  640.887  
624.984  388.4  
402.312  373.85  
580.835  649.867  
379.996  611.049  
486.706  380.751  
651.787  585.453  
651.116  545.329  
369.615  486.216  
368.824  423.102  
446.399  363.04  
649.128  624.167  
651.631  468.823  
387.23  662.572  
586.361  368.386  
656.308  428.33  
665.407  508.06  
668.007  374.738  
664.899  660.925  
525.715  669.405  
359.216  366.291  
461.562  671.586  
343.388  638.308  
621.939  680.781  
635.128  345.307  
341.347  582.064  
688.525  403.656  
496.697  336.762  
546.641  336.427  
324.701  538.086  
681.002  461.727  
686.375  615.284  
422.081  699.032  
691.359  567.966  
577.152  695.582  
484.841  705.564  
594.31  331.176  
682.443  327.341  
379.475  324.119  
363.276  713.148  
326.349  490.142  
313.396  684.422  
316.596  439.165  
316.739  396.646  
705.15  525.454  
671.816  700.527  
325.718  352.434  
419.234  313.6  
704.952  485.352  
707.167  647.17  
713.698  439.277  
334.508  318.765  
534.852  712.929  
459.26  305.399  
726.148  356.383  
731.798  680.53  
724.224  599.777  
720.927  715.464  
295.576  589.049  
638.938  295.057  
293.988  637.477  
301.215  328.032  
610.858  733.525  
540.39  294.188  
589.361  294.521  
733.151  555.986  
291.9  368.037  
737.463  406.53  
500.352  290.516  
704.846  278.873  
290.462  731.795  
285.065  474.201  
345.077  290.986  
653.386  746.336  
755.439  315.713  
278.299  299.398  
277.815  521.567  
740.198  479.149  
427.211  747.767  
307.72  277.87  
698.033  753.726  
384.222  276.825  
552.036  758.644  
751.409  642.105  
484.968  754.638  
339.06  766.529  
760.143  516.181  
258.305  564.684  
755.113  743.388  
260.42  429.453  
438.118  264.645  
268.047  339.002  
758.875  258.32  
256.879  385.563  
577.057  262.323  
254.596  682.897  
480.546  257.235  
775.896  452.93  
764.846  597.739  
386.587  784.684  
273.829  260.788  
655.636  251.059  
245.959  619.351  
341.08  257.244  
533.899  255.544  
780.846  387.26  
774.528  557.689  
247.046  496.633  
610.56  237.3  
605.217  786.605  
785.26  686.453  
238.775  749.311  
418.092  239.126  
288.855  787.087  
236.67  320.563  
735.363  795.576  
787.632  782.249  
231.313  279.868  
226.507  470.656  
309.44  235.616  
666.551  798.915  
501.686  799.204  
379.743  234.764  
241.669  238.101  
796.349  635.73  
518.029  228.366  
802.643  329.225  
223.522  544.965  
222.312  364.015  
695.956  216.259  
810.555  727.407  
568.353  226.692  
437.017  814.37  
804.14  506.052  
213.491  788.26  
271.197  218.395  
815.751  270.822  
245.93  823.208  
205.211  705.763  
341.389  221.636  
479.048  221.687  
794.482  211.423  
812.088  589.314  
810.534  547.631  
449.513  206.803  
743.45  200.704  
199.174  661.378  
206.671  427.89  
576.402  829.433  
194.755  581.246  
644.068  202.696  
