503.091  534.467  
537.891  508.283  
515.787  473.108  
463.695  490.124  
569.162  529.924  
547.973  570.399  
453.103  554.301  
576.951  476.837  
483.379  585.533  
481.526  433.732  
551.637  434.105  
517.425  605.913  
417.558  464.146  
587.011  595.971  
420.494  528.606  
423.59  422.85  
608.955  549.497  
611.978  440.397  
410.566  601.1  
617.769  506.201  
448.821  633.695  
395.654  499.003  
513.758  394.01  
393.873  562.646  
589.521  391.904  
553.624  631.999  
631.663  579.098  
622.661  629.474  
442.621  381.494  
550.239  384.312  
635.584  379.368  
650.818  473.561  
483.533  368.898  
383.46  636.972  
371.102  405.264  
507.995  653.306  
585.969  659.258  
658.984  422.215  
403.077  358.538  
660.207  606.304  
359.143  524.147  
361.32  462.206  
671.409  521.595  
356.666  586.936  
677.997  562.803  
670.183  651.891  
629.529  680.025  
354.34  344.124  
479.055  689.835  
343.993  665.701  
387.347  685.29  
600.213  336.405  
675.518  345.441  
430.357  692.213  
544.253  340.596  
552.016  698.457  
700.618  386.03  
452.304  326.178  
691.718  475.085  
317.125  617.955  
325.052  392.568  
644.82  318.205  
317.07  563.269  
504.777  309.03  
702.927  432.001  
701.219  613.639  
708.903  673.617  
680.032  710.779  
314.259  510.081  
311.478  453.128  
389.944  307.978  
314.744  714.378  
319.813  317.812  
716.003  339.676  
724.366  494.853  
623.741  727.205  
350.211  731.463  
731.615  541.86  
297.757  672.034  
563.005  294.857  
513.96  733.8  
733.804  588.308  
286.857  350.84  
712.837  297.957  
425.928  281.454  
740.091  645.248  
672.915  279.872  
583.904  748.26  
743.818  704.384  
423.669  732.614  
382.453  742.977  
281.927  407.295  
475.996  737.655  
613.824  277.592  
353.992  273.337  
739.932  439.328  
282.814  289.356  
472.46  268.94  
267.038  636.306  
752.058  384.246  
689.993  753.722  
265.559  575.295  
752.023  326.907  
540.871  762.784  
261.938  516.73  
753.878  282.727  
262.262  752.17  
450.416  765.694  
254.384  701.438  
257.434  466.954  
300.21  766.63  
751.663  768.519  
315.845  250.689  
774.874  729.924  
767.046  492.662  
551.281  249.088  
409.496  767.788  
713.338  254.46  
770.945  630.352  
509.233  231.502  
245.734  371.939  
395.884  235.964  
239.15  424.105  
778.869  573.935  
636.916  789.776  
329.902  784.654  
239.549  320.44  
645.252  241.791  
781.083  358.361  
774.443  434.521  
238.821  271.015  
795.886  527.846  
367.115  787.737  
776.871  244.202  
490.899  787.318  
794.393  671.73  
588.667  226.594  
700.232  795.282  
450.384  221.148  
290.757  217.687  
789.83  322.971  
245.186  223.03  
587.736  796.264  
734.604  222.098  
799.238  281.173  
262.081  796.415  
805.687  604.695  
685.789  216.383  
808.79  409.235  
807.744  458.773  
809.948  707.526  
220.706  634.642  
809.056  754.119  
215.345  742.456  
211.149  561.637  
411.019  800.347  
542.875  802.325  
213.579  783.473  
209.255  486.369  
350.402  205.194  
806.821  815.269  
761.751  814.165  
805.709  636.973  
451.316  815.208  
826.281  786.064  
820.012  374.756  
206.542  362.254  
627.762  201.985  
808.914  198.665  
518.995  825.599  
301.098  827.041  
223.644  823.083  
828.722  234.018  
189.932  707.999  
768.425  199.304  
823.009  344.394  
823.319  312.086  
192.244  419.052  
193.662  218.315  
666.128  834.724  
338.826  827.464  
192.682  308.449  
190.359  260.94  
716.007  831.592  
837.297  479.955  
835.584  577.561  
177.673  660.67  
