492.617  510.776  
495.389  477.514  
550.478  545.269  
504.377  554.418  
551.317  476.547  
461.303  541.225  
589.755  514.585  
525.55  572.983  
529.944  438.71  
455.392  418.161  
586.999  449.286  
496.182  433.261  
439.198  600.776  
547.683  601.061  
493.051  600.214  
410.463  495.634  
614.63  605.076  
412.377  548.762  
390.789  435.521  
632.62  544.025  
547.37  394.74  
583.819  400.812  
408.659  392.055  
626.934  488.586  
577.076  633.185  
625.271  444.669  
409.14  627.722  
622.527  375.975  
495.302  372.694  
613.96  661.336  
491.275  643.971  
562.097  659.478  
372.55  565.116  
653.495  592.187  
358.33  476.146  
667.099  429.568  
360.142  601.702  
373.623  524.256  
652.695  463.67  
664.806  561.8  
346.684  637.986  
662.818  640.227  
657.622  492.52  
528.315  681.888  
419.248  656.55  
381.326  670.353  
454.257  677.218  
352.359  671.856  
668.456  381.4  
545.461  346.132  
319.434  368.23  
414.104  338.852  
336.788  433.931  
340.238  515.272  
655.41  342.432  
682.248  484.022  
685.709  652.354  
598.739  312.055  
386.117  699.492  
325.846  587.222  
692.252  536.138  
325.81  545.855  
708.481  580.886  
701.177  349.894  
336.288  320.608  
709.526  667.394  
459.742  299.712  
718.509  400.107  
699.552  501.045  
635.456  726.435  
713.9  618.164  
449.528  704.53  
289.411  676.589  
523.402  308.291  
671.412  315.303  
725.259  454.118  
709.91  318.633  
736.32  707.83  
715.944  483.162  
533.418  720.004  
296.739  497.972  
291.417  423.08  
427.824  729.263  
643.401  287.161  
578.7  735.198  
482.743  748.14  
721.931  549.599  
367.301  733.628  
734.755  525.717  
745.542  686.093  
726.864  750.497  
292.522  530.866  
399.162  282.773  
286.048  554.678  
748.494  660.091  
265.691  598.555  
276.75  467.321  
301.981  275.267  
719.405  290.442  
697.264  294.154  
559.907  269.593  
741.016  303.082  
607.302  763.809  
344.245  764.71  
281.225  742.18  
752.916  335.48  
682.283  278.467  
544.991  752.153  
335.783  248.27  
746.093  489.783  
316.295  777.047  
249.073  297.829  
241.968  340.195  
778.969  604.242  
764.893  442.487  
768.601  408.272  
403.398  775.557  
245.809  715.021  
764.871  274.16  
263.051  523.129  
722.545  264.945  
625.733  257.762  
494.378  239.881  
763.542  537.263  
780.584  364.028  
771.503  465.68  
574.64  770.098  
290.962  780.989  
442.204  780.103  
532.919  237.177  
371.733  775.367  
228.542  246.784  
379.984  242.822  
665.871  241.4  
239.541  417.009  
421.438  255.544  
678.489  238.753  
691.11  239.686  
785.155  499.442  
517.85  800.299  
256.514  783.162  
600.481  236.677  
796.786  691.914  
250.922  464.382  
803.905  561.223  
239.236  523.953  
790.219  336.47  
693.195  811.952  
787.12  222.025  
468.797  796.972  
223.905  466.922  
567.407  797.46  
425.986  233.632  
725.484  223.361  
215.484  486.914  
447.943  210.705  
212.467  788.47  
213.115  740.563  
815.924  395.126  
793.52  528.457  
636.679  817.749  
808.295  456.786  
646.075  216.037  
824.595  760.65  
806.197  263.56  
816.223  297.404  
811.675  488.296  
750.821  821.692  
566.003  208.599  
193.608  369.735  
818.092  325.181  
623.135  222.112  
823.726  802.126  
185.337  646.556  
206.177  547.85  
194.395  682.819  
262.503  816.927  
823.87  364.547  
186.685  609.841  
426.019  815.561  
840.611  634.233  
595.164  830.54  
376.11  212.461  
387  829.475  
328.344  834.629  
184.03  498.967  
356.97  841.981  
