500.084  510.354  
526.422  501.243  
511.53  536.198  
499.759  468.469  
477.727  526.188  
542.199  484.408  
534.699  556.451  
469.871  479.542  
581.635  511.085  
458.619  583.205  
539.407  444.34  
569.112  570.984  
449.551  515.74  
567.347  455.566  
433.735  442.026  
418.928  483.663  
511.371  600.07  
417.869  534.391  
596.049  459.798  
478.536  406.843  
585.438  421.735  
573.885  612.3  
620.165  594.967  
391.619  596.637  
547.431  386.85  
633.445  466.544  
431.506  640.575  
384.586  552.364  
626.311  526.392  
385.756  437.072  
638.197  413.885  
377.403  386.968  
615.449  374.887  
506.801  645.51  
658.405  481.235  
606.024  650.716  
434.482  353.599  
551.762  663.247  
666.302  566.147  
369.422  632.172  
366.869  486.654  
660.071  652.195  
519.293  349.652  
391.744  662.518  
655.853  516.935  
344.757  527.967  
348.406  442.964  
673.425  388.032  
340.024  681.497  
695.674  431.105  
702.247  595.684  
484.359  343.381  
672.619  350.753  
463.888  705.65  
686.631  502.046  
350.98  611.98  
553.053  329.942  
335.24  564.9  
366.076  330.655  
335.211  596.79  
325.31  499.511  
576.159  314.435  
640.229  326.681  
590.497  698.517  
704.898  375.14  
692.734  673.073  
398.556  682.513  
316.201  352.518  
325.918  632.729  
711.486  525.067  
519.857  720.724  
307.38  447.698  
690.459  318.206  
607.069  306.7  
388.874  719.982  
645.408  732.052  
382.665  295.37  
490.743  311.947  
728.525  336.275  
698.352  719.943  
448.118  294.251  
310.074  595.088  
286.509  679.27  
731.097  678.948  
287.642  623.976  
285.452  557.058  
744.771  624.45  
277.264  518.227  
305.931  303.04  
663.192  285.31  
284.309  587.294  
257.862  377.33  
721.922  286.14  
756.222  487.616  
588.741  749.637  
279.138  764.213  
410.506  269.251  
499.023  293.734  
743.998  742.515  
744.72  523.357  
751.931  387.245  
626.382  278.742  
765.352  445.084  
552.148  752.936  
255.686  716.062  
762.854  571.511  
774.028  417.476  
304.958  276.565  
583.218  277.835  
273.516  313.962  
347.008  248.294  
496.292  278.552  
761.33  298.332  
698.753  264.673  
700.921  757.859  
245.566  431.561  
374.196  771.71  
420.482  770.506  
611.132  269.847  
513.917  245.802  
562.812  246.372  
446.834  785.686  
522.884  761.984  
330.397  801.724  
773.072  667.858  
486.816  790.733  
234.802  487.792  
280.417  261.96  
437.557  245.574  
478.471  252.489  
781.777  365.554  
775.505  242.745  
780.258  334.915  
250.297  274.626  
599.029  260.421  
729.588  230.669  
244.469  592.86  
252.52  298.069  
660.367  777.317  
258.282  257.176  
656.048  237.905  
770.698  801.17  
785.412  529.31  
788.191  622.716  
227.669  664.794  
233.516  316.548  
610.404  241.894  
791.855  299.934  
796.905  738.922  
805.605  473.926  
537.644  787.518  
294.443  230.093  
262.861  241.549  
393.694  232.993  
690.016  223.099  
230.182  247.259  
792.005  552.458  
557.551  818.242  
621.817  816.571  
821.24  675.525  
200.678  773.748  
559.364  202.141  
811.297  392.808  
203.493  270.774  
245.506  203.987  
475.982  214.016  
677.139  804.607  
193.212  528.552  
519.764  201.12  
809.565  354.34  
818.848  514.222  
410.337  810.109  
209.3  703.17  
214.529  614.867  
610.508  192.554  
815.956  615.093  
820.41  560.399  
818.278  251.757  
195.493  324.559  
805.316  206.566  
813.912  325.161  
198.268  579.367  
434.542  206.898  
396.347  215.256  
827.242  421.684  
362.795  198.418  
713.933  847.854  
