527.077  530.699  
512.541  488.09  
481.406  534.576  
471.884  495.066  
569.022  499.245  
545.363  448.972  
529.749  569.078  
462.9  456.471  
570.635  571.269  
476.693  579.413  
443.931  546.35  
495.403  430.083  
424.51  505.122  
428.976  590.483  
423.438  467.358  
616.097  446.916  
514.54  607.269  
621.752  516.161  
597.136  602.402  
449.513  405.464  
596.746  402.084  
620.25  565.933  
395.392  442.675  
403.996  542.921  
543.415  400.752  
402.858  392.072  
549.848  638.372  
480.77  636.363  
442.783  634.966  
573.572  639.074  
634.804  623.647  
404.014  648.785  
380.817  602.298  
502.009  380.538  
598.147  651.751  
645.637  373.97  
522.276  653.378  
361.4  484.27  
367.351  522.292  
662.075  466.737  
365.542  562.916  
569.445  360.282  
656.166  570.467  
354.672  405.983  
675.772  392.349  
629.336  664.463  
363.167  674.114  
421.636  348.538  
460.716  348.787  
376.865  346.304  
616.215  346.022  
691.497  432.575  
689.94  495.871  
658.025  682.098  
339.193  443.051  
343.919  364.626  
685.667  611.188  
688.299  647.699  
490.644  682.203  
333.979  644.369  
694.761  530.664  
451.121  694  
503.346  343.006  
334.601  586.145  
585.391  688.59  
535.495  695.743  
678.8  328.607  
688.806  573.035  
531.864  316.748  
325.833  536.53  
407.819  705.118  
691.721  691.471  
330.984  318.034  
573.268  315.773  
627.688  714.828  
716.963  372.442  
306.999  606.008  
624.975  313.493  
305.215  486.955  
296.792  720.739  
399.399  305.538  
309.336  367.414  
346.479  731.408  
447.664  301.012  
567.622  724.786  
724.723  565.122  
293.193  398.314  
734.038  349.255  
726.277  406.948  
291.038  664.248  
489.613  297.031  
295.691  455.396  
728.347  317.639  
725.028  704.949  
500.384  732.832  
738.054  467.475  
288.117  517.709  
729.139  616.227  
738.066  666.591  
688.89  734.963  
276.31  430.924  
657.393  285.468  
280.034  559.579  
279.536  340.465  
344.617  275.31  
399.296  745.891  
694.02  282.445  
282.543  289.235  
746.521  517.995  
610.573  278.03  
442.63  757.193  
729.851  283.058  
741.718  751.071  
556.321  275.057  
759.569  434.118  
662.25  765.143  
603.266  760.051  
517.357  265.951  
274.784  603.135  
632.311  759.402  
759.689  598.044  
399.337  264.791  
761.943  635.598  
530.03  772.499  
567.977  760.867  
770.065  712.029  
366.991  766.626  
248.906  633.406  
448.424  254.065  
767.309  402.162  
772.62  563.026  
764.532  255.964  
777.394  371.915  
777.182  294.881  
257.102  781.421  
589.331  244.983  
478.991  779.265  
244.072  684.071  
484.173  247.525  
643.646  249.744  
779.283  329.099  
249.905  516.695  
246.512  394.223  
309.887  794.133  
275.586  246.075  
228.046  736.748  
239.207  459.1  
682.682  249.205  
723.576  245.374  
702.66  788.448  
236.767  324.376  
781.817  664.123  
235.505  579.855  
787.024  514.267  
230.897  359.428  
310.982  218.951  
793.622  464.931  
360.522  226.689  
800.107  756.709  
549.668  233.209  
228.829  287.3  
790.554  608.696  
794.582  801.036  
744.433  803.824  
380.58  789.968  
220.528  251.214  
412.069  217.788  
232.686  215.853  
605.126  802.049  
557.663  805.941  
623.84  214.366  
694.152  225.504  
807.957  422.6  
501.387  219.082  
801.727  631.515  
813.371  267.794  
496.985  809.508  
658.509  216.921  
808.752  205.723  
817.898  677.474  
434.656  815.169  
407.541  828.983  
208.727  413.937  
757.392  212.731  
813.163  585.966  
816.733  343.718  
211.941  523.472  
