532.785  515.148  
493.712  503.985  
506.51  549.224  
473.763  544.585  
545.529  483.513  
540.669  560.638  
462.152  471.348  
500.665  456.931  
448.576  514.421  
563.897  454.566  
582.956  515.241  
580.264  565.861  
454.192  585.312  
530.823  429.159  
506.705  600.73  
596.646  466.608  
433.988  425.116  
419.541  537.756  
414.774  482.813  
585.729  416.4  
478.459  405.121  
564.172  615.295  
624.419  597.182  
620.725  535.72  
403.033  594.611  
442.179  640.11  
390.761  436.102  
548.933  386.702  
636.344  420.682  
629.578  471.107  
383.046  550.282  
611.38  652.936  
373.262  385.871  
497.749  651.993  
608.988  371.336  
368.406  635.71  
387.256  658.68  
657.445  518.355  
369.277  489.125  
422.833  359.584  
514.19  359.288  
664.794  568.813  
658.783  645.406  
551.1  666.942  
666.503  393.211  
359.229  608.645  
665.751  472.109  
470.627  355.595  
342.34  528.762  
340.86  594.988  
672.215  351.821  
341.324  433.158  
337.286  562.888  
414.054  690.244  
549.785  335.177  
579.118  327.204  
643.584  330.374  
365.601  336.758  
700.343  600.867  
700.148  433.717  
592.086  700.353  
336.507  702.211  
693.302  666.282  
461.53  709.259  
323.245  644.548  
704.358  539.156  
518.14  705.275  
704.31  487.68  
314.121  372.68  
317.163  491.954  
607.794  317.646  
645.381  717.039  
705.987  378.123  
487.469  317.254  
324.267  311.744  
444.198  306.387  
694.18  315.443  
380.994  723.986  
695.464  717.367  
381.501  297.69  
308.325  592.009  
523.514  299.342  
295.162  439.417  
733.145  338.485  
737.798  630.495  
287.778  687.24  
554.429  743.033  
734.637  681.258  
282.999  548.119  
664.791  282.855  
282.207  328.59  
413.143  277.844  
635.939  287.312  
562.466  285.636  
725.505  284.141  
741.72  390.66  
748.87  577.578  
744.962  526.435  
419.246  752.848  
273.246  634.252  
270.181  510.862  
750.225  444.613  
746.393  737.838  
503.503  751.082  
750.598  483.504  
256.969  724.023  
496.933  278.562  
598.254  759.28  
282.81  766.937  
277.619  588.076  
285.673  268.525  
317.405  271.806  
613.131  272.381  
355.267  765.257  
258.194  379.486  
696.526  262.136  
757.891  293.148  
347.761  252.256  
474.898  257.461  
707.969  768.964  
588.543  255.94  
256.295  302.167  
455.938  776.983  
776.37  418.724  
650.777  773.825  
250.737  431.328  
440.22  250.581  
774.986  368.792  
231.833  482.606  
773.766  331.388  
774.591  677.239  
520.71  246.761  
252.944  257.238  
388.303  245.785  
557.146  241.754  
772.314  246.505  
781.475  623.171  
233.567  281.197  
241.447  584.229  
651.946  237.739  
226.087  665.714  
788.446  563.437  
767.044  796.388  
537.322  792.534  
784.305  520.089  
233.934  332.468  
734.31  226.46  
792.946  733.291  
489.171  800.141  
317.127  806.599  
610.498  227.452  
797.897  473.791  
794.083  289.938  
265.506  225.264  
413.665  803.731  
307.359  220.072  
206.322  779.876  
208.046  528.63  
694.708  222.919  
689.613  808.699  
204.241  625.046  
621.538  815.285  
218.488  233.874  
810.826  394.692  
480.861  219.24  
398.733  218.808  
563.335  824.48  
804.949  357.888  
373.996  820.223  
821.796  775.8  
252.638  827.795  
203.189  714.451  
202.864  390.894  
438.645  210.447  
816.462  322.598  
817.131  429.739  
816.244  614.894  
354.07  205.204  
812.233  210.904  
818.166  675.656  
200.078  442.089  
822.915  249.97  
521.504  203.19  
821.085  514.882  
191.867  576.37  
564.867  194.068  
773.003  201.083  
