529.829  529.96  
514.23  485.92  
483.393  535.197  
470.64  495.426  
571.557  499.392  
549.154  449.137  
528.72  569.879  
462.949  454.457  
571.185  566.709  
477.196  581.229  
444.062  546.13  
497.229  430.177  
422.52  504.86  
428.082  590.727  
422.56  466.128  
614.985  448.095  
516.537  606.929  
596.163  602.956  
623.48  514.224  
449.382  404.996  
597.63  403.159  
617.983  563.99  
393.944  440.867  
403.826  545.013  
544.118  401.486  
549.231  635.307  
402.588  392.727  
442.901  636.164  
574.09  637.162  
480.466  634.939  
637.806  621.721  
380.89  605.238  
402.966  649.563  
501.373  382.287  
644.109  376.235  
599.459  651.181  
368.064  520.338  
520.822  653.92  
366.96  562.724  
362.182  483.296  
658.292  467.048  
566.333  360.447  
655.007  567.698  
354.577  405.586  
674.514  394.204  
629.686  665.025  
422.221  349.394  
461.88  350.248  
614.731  348.478  
360.709  677.75  
377.119  345.208  
689.861  435.248  
345.018  365.456  
335.75  642.827  
690.601  494.511  
658.326  683.83  
691.583  531.126  
683.844  610.59  
687.889  648.441  
490.297  683.104  
338.425  443.031  
504.743  343.236  
450.603  694.997  
335.02  586.3  
584.426  688.597  
535.659  696.262  
678.16  331.527  
690.11  572.89  
325.803  536.607  
532.891  317.419  
406.18  703.711  
692.253  690.841  
331.148  317.682  
575.578  315.621  
713.964  371.719  
626.413  313.752  
628.348  715.583  
307.166  608.248  
307.047  487.712  
396.52  306.208  
344.717  728.508  
446.358  301.357  
294.785  723.12  
309.084  365.843  
725.367  409.191  
292.729  665.882  
295.628  399.207  
488.956  297.834  
567.225  725.512  
295.294  455.298  
727.573  317.281  
736.182  468.809  
727.166  564.643  
736.529  349.198  
726.529  707.284  
726.032  616.392  
498.527  732.376  
736.232  666.683  
287.316  517.811  
656.469  287.102  
688.571  734.903  
280.624  560.094  
279.428  339.825  
694.385  284.92  
744.469  516.973  
272.83  430.336  
284.773  289.385  
399.712  746.007  
343.111  273.701  
609.009  278.421  
442.674  755.221  
557.575  276.196  
732.192  282.769  
742.993  753.038  
602.124  757.762  
760.212  435.86  
518.16  266.045  
273.837  604.093  
663.238  767.064  
758.405  596.294  
633.204  761.031  
761.109  635.787  
528.084  770.635  
398.431  264.507  
360.105  766.699  
567.231  762.634  
248.775  635.438  
767.339  401.316  
770.8  712.01  
445.817  254.764  
779.241  371.177  
244.941  686.067  
773.979  559.978  
478.176  777.843  
258.479  780.688  
482.494  249.36  
768.11  253.855  
778.783  295.102  
248.495  394.671  
589.856  243.262  
641.704  250.255  
778.188  329.677  
249.672  515.342  
681.988  251.132  
239.842  461.333  
275.783  245.534  
310.02  793.129  
703.896  788.555  
725.219  244.833  
229.52  737.44  
237.7  323.051  
781.129  667.77  
236.673  577.151  
231.728  360.316  
786.73  514.423  
794.243  465.834  
231.457  286.042  
311.787  218.775  
361.401  226.605  
548.631  233.788  
389.284  789.912  
798.683  757.635  
790.22  607.008  
223.364  250.284  
794.452  799.93  
744.635  803.069  
410.881  217.319  
693.006  224.93  
606.64  802.325  
801.494  633.363  
558.73  805.754  
500.614  219.563  
809.227  423.498  
435.152  807.796  
624.23  213.844  
232.029  213.677  
497.86  809.679  
210.339  414.667  
658.755  216.926  
813.918  267.372  
814.444  585.44  
759.356  212.039  
356.988  812.506  
211.175  617.184  
667.548  815.067  
211.453  522.098  
810.805  204.468  
