502.915  505.174  
558.389  466.229  
577.083  506.392  
462.826  528.468  
532.758  577.69  
489.171  559.682  
474.963  456.059  
570.353  593.268  
444.876  476.167  
501.655  423.654  
545.277  423.711  
443.8  586.704  
621.217  554.93  
429.855  507.498  
627.193  522.192  
425.207  447.182  
482.902  601.991  
410.204  549.399  
590.087  425.999  
442.914  408.097  
632.791  434.629  
623.014  466.747  
410.772  591.361  
624.815  601.74  
527.151  627.441  
394.358  397.651  
395.593  504.01  
618.608  384.489  
581.577  399.724  
412.609  656.155  
376.733  465.53  
464.194  655.417  
536.245  372.838  
463.023  363.13  
502.627  649.157  
565.342  381.686  
364.434  437.024  
366.711  568.883  
675.413  622.954  
586.684  374.46  
646.79  678.2  
601.681  677.653  
356.386  523.81  
510.097  339.781  
677.11  473.481  
680.755  389.026  
369.162  667.644  
316.63  609.646  
331.713  636.538  
537.225  673.746  
341.465  373.394  
568.34  346.394  
670.719  336.67  
394.262  334.497  
350.082  411.573  
696.178  554.614  
317.562  507.06  
690.232  663.77  
619.986  321.086  
314.321  351.556  
351.187  711.296  
293.549  478.867  
496.004  702.732  
326.019  567.436  
305.515  440.857  
333.122  424.147  
335.5  314.76  
302.945  401.796  
451.494  709.125  
450.167  300.259  
709.535  680.013  
299.355  537.914  
666.701  719.079  
733.553  401.174  
719.448  480.141  
571.873  750.455  
704.676  739.098  
522.524  726.324  
290.647  682.243  
717.733  316.917  
742.372  723.226  
553.288  283.653  
588.735  281.642  
305.395  316.078  
717.99  634.191  
271.575  572.468  
491.964  286.574  
635.455  729.538  
340.314  285.384  
511.751  268.806  
749.417  609.012  
398.935  757.27  
740.119  518.253  
736.632  682.392  
617.145  754.795  
393.047  276.994  
758.89  447.224  
762.849  581.722  
733.259  655.12  
532.433  757.118  
460.451  745.375  
278.848  289.894  
301.254  768.618  
748.85  347.391  
640.835  274.267  
751.111  291.797  
286.004  331.223  
760.592  558.148  
665.984  753.143  
260.857  357.061  
462.631  258.34  
758.442  657.522  
241.915  730.587  
670.451  245.064  
730.517  253.595  
769.442  691.046  
245.579  685.025  
241.616  415.377  
337.589  809.597  
250.348  315.549  
688.026  768.616  
251.274  767.954  
774.861  363.458  
745.08  790.664  
762.026  509.698  
330.716  248.091  
786.511  475.183  
234.98  240.49  
215.323  616.318  
780.206  307.9  
280.847  235.245  
229.449  500.79  
790.364  412.095  
509.491  792.965  
791.263  626.285  
663.543  779.159  
794.683  492.177  
780.631  337.561  
793.177  538.374  
435.382  226.226  
775.585  240.003  
807.243  794.263  
543.765  236.77  
776.057  514.577  
368.617  227.387  
787.228  722.602  
478.06  810.219  
621.671  230.148  
641.097  795.607  
803.964  671.553  
211.673  293.934  
584.208  220.29  
694.453  803.207  
389.9  806.736  
605.158  206.192  
806.233  513.155  
613.85  806.247  
448.282  818.295  
257.105  808.687  
805.603  327.81  
808.53  571.646  
221.955  324.306  
812.563  450.982  
193.678  352.233  
643.395  218.572  
508.067  207.405  
814.612  214.2  
215.98  792.532  
198.977  433.636  
556.923  838.806  
188.513  547.217  
729.211  210.098  
670.356  821.07  
313.696  201.746  
670.135  209.862  
836.875  393.493  
837.69  263.261  
195.541  706.669  
537.198  219.986  
805.496  715.201  
466.087  186.073  
692.902  196.336  
186.044  275.862  
833.289  657.03  
845.949  758.073  
393.832  180.339  
555.555  204.067  
