517.622  490.184  
499.893  533.824  
465.838  472.261  
567.125  484.487  
597.893  508.331  
507.094  564.052  
455.562  555.031  
568.477  600.068  
442.353  529.279  
427.68  506.075  
525.361  599.761  
526.536  427.606  
458.325  577.122  
609  551.343  
430.718  545.773  
433.645  445.213  
447.956  596.752  
565.347  407.982  
477.487  612.468  
419.075  559.263  
410.712  579.022  
602.304  607.086  
638.131  433.867  
421.916  397.31  
395.32  616.17  
636.252  567.095  
637.185  595.475  
395.929  537.323  
391.124  511.66  
394.388  485.779  
433.947  633.231  
484.665  369.365  
397.95  457.198  
596.358  370.986  
611.753  637.303  
487.312  640.459  
628.131  380.484  
524.816  643.178  
665.879  513.442  
367.244  567.893  
376.069  466.12  
452.805  656.516  
649.941  644.162  
536.157  363.019  
357.585  432.72  
372.41  650.915  
362.984  406.807  
397.038  353.854  
349.927  377.673  
585.154  672.39  
582.428  339.669  
677.416  400.748  
677.965  593.069  
658.697  346.843  
414.78  683.997  
343.3  502.653  
515.174  667.728  
341.264  545.133  
345.602  465.559  
473.159  682.466  
642.599  670.959  
339.449  604.49  
353.995  681.676  
695.349  375.005  
371.521  325.436  
426.474  303.157  
695.056  634.467  
689.183  669.388  
525.708  702.101  
529.056  334.983  
726.049  443.67  
549.363  706.959  
667.677  706.726  
313.586  336.557  
733.994  471.334  
477.871  315.129  
436.889  709.009  
503.477  692.48  
635.528  706.596  
320.364  529.108  
702.29  334.825  
311.896  571.553  
698.259  712.966  
719.33  557.884  
570.647  707.901  
306.25  622.861  
314.041  425.956  
312.313  398.303  
309.468  450.801  
331.484  715.309  
506.877  296.176  
656.492  296.151  
595.068  714.564  
539.089  298.856  
462.437  713.884  
747.179  394.731  
310.932  496.421  
738.969  506.625  
486.921  721.308  
302.879  678.612  
309.439  595.699  
729.808  618.515  
724.616  662.708  
294.498  546.086  
400.232  740.047  
304.306  712.809  
720.288  306.195  
577.905  277.036  
346.364  281.703  
274.192  672.797  
744.894  707.05  
288.467  509.026  
599.848  756.291  
564.426  743.193  
275.832  476.392  
261.119  371.24  
537.975  758.685  
285.302  716.279  
358.766  763.022  
457.058  267.507  
286.198  260.582  
659.259  752.723  
466.528  746.479  
259.74  629.71  
259.768  413.066  
756.663  746.04  
756.6  322.89  
329.404  758.785  
262.743  580.61  
263.836  738.131  
269.702  448.429  
248.515  297.145  
751.233  660.528  
789.237  602.443  
758.64  538.81  
306.198  777.926  
277.211  784.278  
729.476  256.163  
257.821  539.639  
783.727  559.275  
790.501  519.603  
520.191  796.924  
663.261  252.023  
483.04  772.204  
235.997  509.817  
629.919  228.983  
442.49  779.597  
607.196  238.142  
706.293  813.572  
799.233  479.992  
499.696  228.481  
787.242  665.257  
396.16  789.836  
763.856  232.07  
776.198  769.658  
238.411  454.819  
786.309  261.413  
362.672  230.22  
796.374  536.48  
492.745  799.979  
233.654  250.08  
569.011  228.235  
650.145  798.762  
232.617  670.976  
796.767  295.429  
209.034  320.343  
234.19  736.309  
310.328  221.735  
433.141  221.656  
779.64  794.639  
712.876  224.915  
820.76  318.017  
596.839  807.384  
207.816  789.398  
220.282  561.032  
824.095  348.008  
210.882  606.238  
203.212  357.656  
806.811  216.183  
809.909  412.758  
462.952  806.012  
234.498  216.968  
343.929  809.543  
233.319  834.722  
699.467  208.334  
253.847  194.348  
658.122  199.888  
