520.346  506.718  
474.868  538.652  
472.77  498.225  
562.988  527.044  
514.679  562.427  
487.823  461.767  
565.854  471.587  
526.623  456.734  
569.656  572.125  
445.499  462.614  
456.49  577.86  
433.4  514.446  
486.718  604.151  
421.802  556.203  
605.024  464.66  
427.356  429.944  
611.021  518.85  
484.187  418.832  
532.567  417.825  
603.863  416.09  
538.472  616.286  
567.374  406.135  
425.373  607.023  
580.127  618.557  
628.452  585.806  
397.319  474.526  
621.839  623.084  
394.456  589.376  
645.5  551.287  
449.959  637.64  
390.654  521.377  
421.982  395.53  
462.38  382.535  
505.267  642.503  
401.849  644.065  
521.305  381.002  
641.47  402.182  
378.235  422.818  
644.535  462.974  
392.659  370.112  
370.922  563.669  
359.768  622.327  
609.511  657.443  
596.665  361.372  
660.405  638.296  
671.297  510.004  
496.785  351.382  
545.016  674.339  
549.78  345.33  
578.732  676.601  
461.278  672.506  
346.416  453.587  
674.253  364.403  
353.958  669.357  
352.545  374.863  
434.387  349.143  
341.868  490.939  
634.375  337.771  
680.621  419.246  
350.643  523.87  
692.259  601.191  
670.989  679.375  
504.048  679.475  
332.629  592.931  
408.784  688.703  
688.428  467.227  
627.964  697.584  
695.292  557.002  
331.189  554.892  
326.825  409.024  
355.924  332.258  
469.802  319.071  
407.196  317.419  
715.694  643.098  
678.078  307.676  
448.685  713.453  
313.265  707.133  
307.998  351.246  
487.072  712.697  
577.53  303.937  
712.894  684.732  
532.674  715.747  
371.661  719.805  
300.306  625.676  
515.467  298.76  
713.846  361.758  
313.505  308.162  
296.477  670.291  
304.4  522.055  
719.55  427.618  
584.19  724.598  
725.95  481.612  
302.419  461.837  
734.056  525.3  
670.276  727.008  
719.524  721.643  
728.075  298.754  
290.179  575.631  
367.677  291.558  
620.891  282.674  
332.52  740.66  
743.594  394.688  
450.58  280.507  
286.668  407.787  
749.81  568.471  
433.716  748.091  
398.092  747.205  
760.164  619.506  
624.975  752.806  
500.467  749.188  
271.396  363.663  
756.562  344.005  
263.272  727.265  
266.839  507.631  
323.973  270.351  
541.576  758.895  
268.005  477.831  
269.949  296.968  
760.223  450.215  
407.272  263.55  
551.455  257.36  
760.216  679.036  
755.213  743.696  
261.803  537.581  
262.475  444.667  
469.686  768.801  
295.74  772.669  
686.111  252.619  
713.688  767.212  
496.58  249.252  
773.711  498.236  
771.837  286.46  
246.837  614.748  
245.936  657.817  
273.886  252.364  
665.064  772.955  
580.984  773.494  
359.905  776.792  
236.27  326.217  
780.694  416.123  
244.637  567.408  
369.64  249.385  
629.831  239.666  
244.701  774.437  
246.077  411.789  
735.062  231.404  
788.675  377.082  
222.421  693.943  
406.005  785.359  
444.742  231.894  
776.275  791.744  
309.451  231.543  
783.559  225.028  
229.198  369.113  
330.996  802.295  
232.17  483.429  
222.218  274.584  
799.645  691.865  
573.476  212.731  
800.916  574.734  
790.921  745.66  
503.715  804.026  
349.371  221.378  
445.576  805.793  
228.297  227.789  
801.175  337.13  
632.551  804.002  
813.217  636.427  
808.922  269.608  
689.296  807.997  
732.398  813.935  
595.439  810.702  
213.476  511.198  
218.987  449.412  
548.796  811.079  
812.796  452.468  
814.382  505.618  
400.405  207.243  
258.491  816.819  
203.565  753.513  
203.178  595.848  
213.949  408.406  
197.718  545.101  
651.393  197.892  
396.195  821.239  
202.142  811.805  
272.896  201.145  
