529.46  506.489  
483.375  544.045  
463.351  487.473  
532.963  571.87  
574.775  480.783  
495.524  431.142  
586.451  548.105  
565.278  427.805  
425.586  553.056  
472.173  595.838  
562.81  605.181  
415.509  445.341  
602.021  590.51  
415.993  600.512  
619.533  515.031  
406.396  502.873  
622.521  442.797  
513.316  626.962  
420.079  398.093  
446.859  632.416  
599.146  633.609  
459.021  372.962  
640.373  578.729  
642.384  387.201  
564.586  377.857  
519.98  366.504  
383.95  639.819  
636.226  646.107  
616.047  355.19  
663.473  483.839  
557.694  655.361  
417.98  654.064  
368.889  560.977  
478.916  658.223  
370.786  596.37  
364.601  411.856  
361.686  519.53  
360.051  466.483  
384.787  363.142  
665.37  531.559  
679.522  594.525  
681.101  444.346  
518.105  680.926  
349.729  638.237  
693.325  627.475  
448.666  680.571  
361.794  684.299  
488.361  330.974  
644.327  688.125  
685.988  386.973  
696.027  662.05  
401.163  689.918  
424.305  329.069  
330.494  366.881  
576.892  698.492  
335.637  612.326  
702.916  561.355  
701.98  345.731  
354.478  320.432  
590.518  315.854  
322.413  544.261  
321.571  672.271  
318.027  577.468  
536.943  315.758  
319.681  510.741  
315.055  416.68  
481.027  707.354  
391.975  314.125  
317.322  468.534  
645.509  299.936  
702.043  712.187  
717.177  524.659  
431.534  709.779  
718.609  428.364  
720.118  691.77  
449.042  297.871  
678.748  725.647  
293.803  330.084  
727.881  481.187  
326.961  721.517  
308.343  623.246  
704.195  297.619  
601.858  733.595  
526.735  729.773  
382.243  735.176  
643.811  724.743  
327.223  285.683  
739.852  596.988  
564.129  285.221  
748.368  390.28  
436.061  737.416  
284.959  498.593  
278.769  442.879  
487.78  281.882  
276.208  639.902  
270.508  381.05  
278.904  682.582  
276.109  602.954  
281.788  541.452  
292.843  745.966  
759.361  641.821  
722.157  752.111  
481.229  743.895  
755.105  730.17  
759.045  337.476  
757.406  681.36  
262.249  288.013  
392.095  273.788  
527.405  272.003  
267.26  573.464  
554.179  767.866  
612.848  260.95  
774.251  286.851  
758.679  442.421  
771.722  566.22  
758.997  521.367  
695.591  761.308  
642.599  761.739  
292.724  248.762  
684.489  253.191  
253.845  733.761  
340.949  776.411  
575.314  252.344  
743.507  242.368  
673.743  777.522  
251.988  484.148  
441.181  247.332  
450.453  774.964  
398.362  780.758  
249.482  527.706  
345.56  242.855  
605.677  774.303  
755.226  782.911  
495.673  782.609  
781.287  473.175  
274.32  786.461  
641.055  235.347  
232.573  700.773  
227.601  326.697  
790.056  405.79  
487.978  238.29  
233.006  662.738  
240.512  446.424  
241.664  227.879  
791.321  506.287  
232.463  618.08  
223.27  417.298  
526.141  237.54  
800.663  622.08  
395.05  232.91  
799.981  722.825  
798.183  232.174  
229.299  573.319  
805.401  771.525  
712.37  804.583  
217.39  370.748  
216.901  788.891  
212.356  749.851  
810.663  345.62  
803.327  445.203  
554.498  212.365  
587.9  809.791  
714.666  211.975  
648.256  804.84  
816.865  673.743  
812.431  548.787  
212.596  517.236  
203.632  276.703  
592.296  214.04  
430.672  815.025  
506.493  815.699  
209.368  491.844  
783.161  820.812  
205.005  549.44  
824.614  589.724  
550.17  822.865  
297.896  205.17  
624.503  822.328  
201.462  463.807  
671.88  203.414  
329.077  819.096  
373.004  206.264  
468.291  197.098  
377.568  834.048  
422.349  196.119  
229.444  825.033  
836.324  266.624  
