494.095  502.916  
534.685  517.263  
506.741  550.857  
544.643  482.994  
471.887  547.019  
542.228  563.066  
460.37  468.045  
500.753  456.13  
449.247  512.473  
563.448  452.877  
582.906  514.852  
582.33  566.834  
454.036  587.281  
529.58  426.316  
597.011  467.51  
506.539  602.578  
433.719  422.488  
419.758  539.281  
414.33  482.436  
587.006  415.669  
563.728  615.925  
479.138  405.309  
620.932  537.425  
623.649  598.315  
404.883  596.313  
390.002  436.031  
635.918  422.296  
443.259  640.866  
550.373  385.582  
629.922  473.401  
381.877  549.52  
373.244  386.792  
610.355  653.208  
496.743  652.687  
609.269  371.393  
367.645  637.885  
658.412  517.437  
387.303  661.581  
368.886  488.23  
421.371  360.722  
513.181  360.828  
657.468  644.039  
664.051  570.058  
551.542  666.036  
665.292  393.786  
362.682  606.773  
468.66  357.541  
666.83  469.151  
340.497  527.156  
671.956  353.053  
340.12  595.282  
340.965  432.87  
336.271  561.813  
416.906  691.202  
366.556  339.421  
579.518  330.149  
643.96  330.879  
698.643  601.787  
548.187  337.012  
699.755  433.452  
692.422  666.002  
591.87  701.494  
462.605  708.293  
335.284  704.528  
517.734  703.799  
322.618  646.728  
703.772  541.211  
705.205  488.239  
314.914  375.215  
644.3  714.556  
608.394  317.913  
315.715  489.26  
486.833  318.09  
706.05  378.524  
325.529  313.787  
442.559  308.05  
694.058  315.378  
380.267  722.915  
694.336  718.274  
525.326  300.373  
380.732  299.271  
308.023  594.166  
732.146  338.476  
294.108  439.034  
736.736  631.028  
554.304  741.805  
287.399  687.93  
734.613  682.936  
283.084  546.98  
283.47  331.491  
562.608  286.421  
666.575  283.693  
413.636  279.107  
636.543  287.945  
740.683  393.179  
746.534  578.417  
726.46  282.888  
744.01  527.684  
747.641  444.865  
417.98  751.567  
746.516  737.59  
502.249  750.784  
270.392  635.142  
268.678  508.11  
495.813  280.017  
750.724  484.482  
255.237  725.667  
286.119  270.089  
598.411  761.067  
283.387  766.007  
276.131  589.21  
319.092  272.124  
612.283  272.29  
352.637  764.696  
697.163  261.202  
258.967  380.145  
757.775  292.705  
348.683  252.928  
474.03  258.087  
258.547  301.807  
708.966  769.172  
587.465  255.592  
456.25  774.902  
651.939  771.798  
439.021  251.197  
250.092  431.228  
772.686  370.481  
776.816  419.192  
773.718  330.164  
520.533  247.512  
386.894  248.634  
775.6  678.012  
231.158  481.976  
252.694  256.288  
772.49  247.708  
780.068  623.533  
557.249  239.467  
651.609  238.553  
786.441  565.349  
783.638  519.5  
238.824  582.493  
765.095  796.478  
537.905  791.709  
224.965  667.932  
234.282  335.791  
791.936  733.159  
227.645  283.405  
734.442  227.411  
315.519  807.917  
795.348  473.014  
490.523  802.25  
609.4  225.573  
795.389  287.989  
413.936  803.515  
266.581  222.132  
308.292  219.511  
206.817  780.012  
209.293  528.188  
689.547  809.494  
695.224  221.713  
622.215  814.588  
201.72  625.623  
399.577  219.563  
481.425  219.3  
810.943  394.87  
217.326  232.489  
804.343  357.654  
372.396  818.611  
819.136  775.986  
250.471  824.564  
564.729  824.325  
205.092  390.605  
201.481  715.886  
815.395  430.845  
815.84  321.802  
814.644  615.712  
439.536  209.456  
813.078  211.917  
353.767  206.328  
200.156  442.612  
822.746  249.714  
817.576  675.731  
522.262  200.895  
771.412  203.569  
820.449  514.843  
566.338  192.941  
663.229  197.626  
