522.41  523.89  
535.731  494.334  
482.518  519.874  
476.611  492.151  
503.367  550.825  
546.993  550.763  
495.143  461.09  
470.003  550.741  
544.567  459.679  
575.556  527.377  
520.982  577.487  
441.319  469.137  
441.082  534.892  
573.876  578.938  
593.609  491.386  
471.511  578.188  
584.355  447.677  
457.985  425.112  
514.44  423.767  
426.883  600.86  
411.168  510.024  
560.561  412.558  
404.664  563.251  
526.16  609.333  
408.833  423.509  
616.398  587.731  
475.14  606.076  
625.525  539.187  
615.412  396.752  
563.42  632.466  
626.167  450.249  
398.435  471.436  
483.16  389.81  
603.154  634.147  
643.451  495.76  
478.002  638.427  
431.676  643.939  
424.063  373.708  
533.405  372.127  
372.115  600.977  
379.813  653.618  
370.262  535.135  
651.747  418.286  
375.325  385.001  
587.164  364.416  
652.939  636.943  
522.281  656.553  
667.728  581.456  
361.45  466.242  
358.112  432.88  
672.506  371.368  
344.142  499.476  
470.575  349.996  
639.41  339.894  
679.547  473.654  
615.247  680.083  
688.436  522.288  
480.901  685.146  
561.711  690.301  
430.306  683.664  
692.583  441.274  
378.444  339.837  
693.597  667.845  
336.212  347.087  
688.571  405.711  
327.42  554.421  
513.347  326.888  
330.12  664.076  
331.823  416.337  
330.642  382.089  
561.223  319.122  
322.773  609.764  
432.799  322.131  
677.545  706.897  
361.263  711.359  
709.147  346.495  
710.479  627.25  
409.119  711.974  
717.19  558.339  
690.609  311.891  
519.793  720.877  
635.939  724.505  
600.846  296.407  
306.449  486.639  
387.77  304.94  
301.983  697.656  
293.978  452.428  
332.386  307.696  
475.993  296.063  
727.512  387.958  
724.454  481.115  
727.457  707.008  
587.94  736.277  
465.162  737.894  
296.537  365.251  
728.634  426.049  
283.916  522.233  
651.167  287.901  
297.543  412.58  
290.693  322.888  
318.827  741.461  
745.847  598.914  
277.904  628.832  
276.268  570.965  
746.129  309.525  
410.142  276.696  
520.858  273.174  
714.245  277.879  
354.66  270.774  
745.463  355.041  
301.104  266.016  
765.716  507.978  
402.974  751.155  
758.351  646.313  
271.395  739.7  
266.894  680.713  
675.656  757.859  
442.93  260.394  
733.614  760.557  
263.128  295.016  
764.068  465.544  
769.653  685.81  
531.755  770.344  
263.479  405.586  
768.87  551.684  
755.317  266.111  
362.85  771.338  
765.751  429.254  
683.773  249.088  
547.107  240.54  
256.664  365.192  
589.116  245.651  
777.131  730.179  
246.979  483.932  
429.029  781.737  
777.033  389.388  
251.789  261.193  
635.759  242.574  
240.752  443.41  
778.179  346.576  
474.215  240.307  
241.632  329.171  
594.144  783.945  
729.224  243.015  
786.803  280.155  
647.249  798.233  
396.295  235.303  
232.114  587.647  
232.757  530.083  
274.753  790.907  
470.766  794.294  
320.046  791.192  
795.617  773.398  
230.986  640.26  
791.426  603.776  
342.606  223.248  
801.741  321.102  
231.983  736.609  
774.46  231.906  
224.1  788.101  
230.907  685.715  
708.876  811.593  
762.834  811.209  
242.515  231.563  
220.765  404.341  
296.514  215.476  
801.714  648.088  
219.312  284.111  
808.326  420.729  
503.349  819.413  
385.951  817.9  
508.414  203.122  
811.909  468.741  
817.132  569.358  
821.437  520.268  
207.664  364.042  
821.553  248.634  
817.344  691.179  
723.236  212.214  
823.774  368.249  
546.434  830.961  
686.957  205.026  
415.34  197.093  
200.78  319.758  
646.797  198.228  
824.323  210.16  
462.365  201.192  
