499.491  521.655  
537.68  517.807  
506.64  479.994  
540.709  474.048  
473.688  561.296  
470.818  460.598  
562.298  556.341  
515.873  572.077  
457.788  511.697  
574.098  526.311  
578.355  498.955  
579.609  470.991  
557.98  435.44  
521.491  433.983  
443.473  583.294  
551.226  592.344  
418.705  473.868  
428.368  423.344  
595.036  440.508  
588.328  600.221  
411.911  530.168  
488.67  417.371  
609.156  565.089  
612.489  525.724  
486.464  619.464  
416.024  605.689  
621.942  494.046  
579.672  403.636  
622.494  460.48  
513.853  629.711  
621.633  422.475  
547.868  628.339  
463.717  632.882  
615.849  626.372  
382.512  562.231  
431.871  637.646  
537.223  382.743  
624.261  390.335  
486.487  381.893  
401.617  373.19  
580.636  648.094  
381.61  611.215  
654.202  584.785  
446.572  363.511  
649.873  545.562  
369.264  485.172  
366.882  420.818  
649.115  622.738  
587.963  369.668  
389.433  661.457  
654.976  429.686  
652.188  467.289  
665.567  508.356  
666.232  377.234  
665.274  661.339  
527.003  669.019  
358.18  362.648  
459.07  670.809  
344.922  636.89  
620.86  680.329  
635.008  347.015  
684.517  405.4  
341.945  579.795  
496.254  335.947  
423.292  696.758  
322.414  538.987  
547.069  335.612  
486.386  703.218  
577.202  692.88  
680.243  462.697  
692.253  568.285  
686.793  616.936  
679.888  329.209  
593.827  332.272  
363.457  711.322  
325.454  490.238  
378.888  322.584  
703.87  526.164  
312.364  682.771  
316.291  394.478  
315.427  438.134  
671.247  699.441  
419.392  312.272  
710.734  437.614  
704.953  483.973  
324.266  350.218  
707.067  645.181  
536.639  710.127  
332.862  318.053  
458.602  302.965  
725.693  355.797  
730.99  678.686  
724.33  598.546  
720.658  715.586  
294.993  589.131  
637.629  295.826  
294.983  635.662  
735.272  406.634  
613.634  734.193  
300.923  329.639  
539.432  292.273  
704.344  280.211  
292.964  366.178  
732.445  556.109  
588.473  294.472  
500.159  289.333  
288.734  731.91  
654.561  744.315  
343.088  291.024  
285.615  476.683  
281.402  299.844  
426.898  746.429  
695.774  750.681  
756.316  317.277  
738.201  479.876  
276.379  519.481  
551.952  753.844  
307.12  276.908  
381.159  275.906  
750.393  641.677  
486.257  754.4  
339.815  766.472  
760.156  518.291  
753.444  744.433  
260.201  428.763  
257.564  561.743  
271.4  337.38  
437.914  262.004  
760.356  258.765  
257.897  382.369  
254.427  683.152  
577.167  262.274  
775.794  456.238  
275.236  260.609  
763.54  597.045  
386.128  784.316  
480.979  256.429  
652.971  250.428  
338.213  257.523  
247.197  619.224  
781.381  388.876  
603.081  785.221  
533.715  253.673  
775.088  557.75  
608.532  236.875  
785.964  686.059  
247.508  493.992  
236.573  750.87  
418.977  239.049  
239.541  320.488  
288.921  787.545  
230.987  280.503  
793.751  632.975  
734.729  796.028  
668.555  797.371  
786.198  783.839  
380.158  234.704  
241.737  239.052  
501.56  799.266  
312.642  235.418  
225.513  474.076  
516.78  228.136  
222.701  362.874  
809.92  727.892  
694.425  214.785  
803.575  328.013  
567.345  226.344  
434.662  814.474  
222.695  545.058  
214.376  788.97  
807.393  508.893  
271.777  219.313  
811.94  588.121  
244.705  822.438  
204.867  706.288  
339.897  219.941  
480.046  220.595  
816.954  268.923  
201.097  661.135  
744.197  200.304  
795.409  207.688  
449.749  206.129  
811.024  548.797  
576.688  829.23  
205.067  428.507  
193.393  580.636  
207.91  236.883  
