516.711  486.984  
538.922  524.853  
485.495  534.777  
480.696  477.987  
556.2  482.373  
528.825  564.893  
580.138  548.296  
440.801  499.152  
447.124  564.596  
530.871  435.888  
460.027  438.889  
490.078  593.339  
588.316  466.56  
552.486  602.863  
606.596  510.079  
611.568  599.529  
402.168  528.985  
613.063  440.744  
403.104  583.742  
599.752  399.934  
440.151  620.211  
393.38  469.265  
436.237  402.296  
553.254  396.637  
494.519  386.976  
641.257  560.892  
524.991  641.36  
387.612  634.45  
381.272  407.258  
591.661  647.578  
468.27  647.598  
650.546  476.032  
649.44  383.223  
649.33  515.528  
413.46  365.875  
647.836  438.95  
673.03  627.51  
350.574  570.193  
546.932  353.13  
342.483  446.609  
660.461  685.613  
335.091  514.712  
368.345  337.536  
679.133  429.685  
351.967  669.161  
473.1  339.018  
604.897  342.992  
501.016  683.652  
433.861  692.774  
328.485  379.816  
554.173  694.697  
655.485  336.936  
614.922  702.498  
689.894  504.009  
694.771  563.573  
703.832  355.708  
303.224  617.177  
389.061  716.985  
421.585  321.964  
713.179  408.475  
326.123  320.783  
507.74  303.581  
722.397  464.512  
562.527  306.588  
713.22  715.785  
300.356  685.433  
731.431  668.123  
291.924  474.743  
486.77  728.712  
675.63  297.496  
718.95  304.275  
739.254  607.891  
347.242  733.536  
289.966  418.187  
583.77  735.98  
616.396  294.568  
736.865  523.076  
283.031  549.696  
306.742  734.839  
405.479  282.163  
459.58  270.028  
538.335  752.98  
743.993  328.324  
298.12  284.054  
282.125  324.136  
349.662  272.78  
654.657  755.644  
754.373  383.992  
264.051  368.442  
756.129  561.168  
435.86  753.256  
652.442  268.214  
527.972  259.965  
747.448  765.051  
580.296  257.332  
772.193  435.935  
265.621  749.617  
772.81  486.166  
261.214  710.556  
724.134  267.124  
702.799  772.547  
242.305  648.144  
774.5  738.829  
771.464  284.123  
600.357  779.828  
385.947  248.079  
273.957  256.385  
775.854  652.79  
241.603  493.902  
400.811  782.3  
692.109  245.122  
776.059  335.609  
369.312  786.686  
249.951  285.326  
318.18  245.26  
284.899  778.321  
617.608  251.386  
234.905  574.855  
495.878  783.002  
315.903  785.492  
800.043  705.38  
244.317  419.512  
343.145  784.913  
237.097  327.559  
744.261  233.943  
238.375  784.059  
797.207  249.059  
454.146  802.881  
484.97  217.635  
805.054  522.549  
802.472  574.885  
255.259  225.985  
647.517  231.231  
228.616  250.888  
434.342  217.396  
804.837  626.57  
801.754  402.285  
805.727  355.338  
545.003  808.796  
230.708  716.682  
816.558  769.768  
207.915  446.185  
299.865  217.965  
754.715  805.558  
535.742  214.444  
571.28  207.326  
777.11  211.621  
657.74  813.564  
346.043  207.023  
816.338  299.165  
204.936  760.245  
605.017  207.714  
679.431  209.169  
199.376  358.75  
214.491  285.293  
381.417  209.162  
199.895  399.507  
216.648  215.98  
807.885  822.634  
199.247  700.274  
195.076  517.372  
282.629  824.439  
831.845  670.723  
611.855  825.653  
835.949  480.583  
705.891  829.298  
726.099  197.848  
823.329  215.611  
226.252  823.258  
834.077  434.34  
422.106  836.031  
188.761  318.78  
333.714  837.431  
172.678  599.623  
636.236  192.326  
174.666  637.918  
382.854  837.676  
183.591  558.33  
286.412  190.671  
838.576  600.032  
496.654  836.389  
195.594  244.481  
838.799  380.528  
174.177  479.19  
405.809  182.096  
568.51  852.986  
248.265  183.47  
