517.033  524.506  
521.757  485.381  
474.12  468.399  
468.713  547.39  
462.112  511.954  
522.945  559.693  
570.399  475.897  
586.882  549.479  
606.414  506.966  
562.054  593.342  
511.374  429.153  
468.662  578.466  
446.57  436.319  
430.751  493.396  
427.177  535.118  
570.873  420.308  
522.245  600.095  
442.649  603.105  
421.194  563.043  
598.739  600.004  
483.992  609.18  
631.119  447.499  
405.294  586.052  
404.043  444.245  
401.806  486.271  
426.321  396.692  
393.258  618.254  
633.65  387.836  
425.183  636.801  
476.454  376.607  
384.103  514.859  
542.575  638.102  
646.042  552.407  
387.599  544.267  
638.112  597.574  
537.163  375.816  
590.494  373.986  
609.394  639.721  
488.099  642.623  
372.698  400.651  
447.662  657.522  
374.764  467.66  
582.081  664.386  
654.472  636.365  
669.018  499.1  
366.524  575.628  
368.752  648.583  
359.525  433.286  
411.13  352.884  
524.936  669.777  
677.241  416.647  
348.937  365.152  
347.294  608.806  
349.818  503.009  
639.333  675.193  
403.398  683.74  
649.285  345.039  
349.108  544.191  
682.647  589.6  
468.043  680.904  
523.03  333.75  
685.841  672.958  
358.151  682.411  
341.374  466.107  
498.223  692.171  
704.557  376.212  
369.335  322.507  
697.999  629.895  
590.275  327.549  
551.46  701.642  
468.502  323.589  
703.076  337.045  
712.047  556.892  
430.661  710.378  
318.718  419.166  
603.684  713.256  
576.597  705.897  
319.751  568.967  
728.739  470.071  
309.59  635.671  
317.438  527.867  
725.451  433.948  
668.351  712.959  
315.776  676.602  
308.338  327.188  
303.737  382.413  
632.997  717.224  
312.627  491.956  
527.108  716.138  
347.666  718.519  
306.782  456.244  
726.524  508.639  
415.998  293.48  
464.02  715.745  
708.191  726.495  
300.779  599.712  
545.402  289.462  
647.598  298.336  
305.374  721.444  
722.335  670.378  
711.29  300.47  
395.833  736.932  
740.846  608.772  
496.395  729.94  
345.568  282.099  
503.617  279.477  
289.449  551.614  
589.061  279.415  
279.178  510.659  
755.145  392.418  
760.231  708.038  
276.028  439.806  
289.76  267.826  
568.112  752.663  
276.292  668.642  
458.055  263.985  
271.611  708.65  
453.272  750.625  
268.375  478.182  
757.758  332.706  
756.358  546.052  
741.206  758.953  
326.262  756.513  
731.013  268.487  
532.661  759.421  
260.175  358.516  
760.981  654.528  
257.215  307.908  
667.162  760.863  
269.205  749.388  
259.652  585.631  
669.685  256.733  
363.395  765.59  
254.986  405.938  
610.049  763.607  
254.32  628.95  
491.17  767.679  
254.345  541.777  
431.549  778.449  
371.765  241.188  
604.2  243.379  
778.46  263.522  
786.21  573.549  
790.684  300.462  
306.68  787.502  
787.28  510.84  
246.289  258.687  
793.615  469.431  
788.845  757.712  
320.078  230.749  
237.746  678.776  
554.905  225.506  
797.877  415.464  
394.011  793.332  
236.019  455.881  
429.58  225.255  
231.973  505.708  
713.761  231.792  
259.894  793.296  
705.776  809.042  
810.622  612.625  
500.612  223.398  
629.425  218.08  
222.992  734.486  
801.355  673.945  
764.652  227.431  
801.857  354.037  
650.04  805.488  
590.23  805.243  
536.767  802.351  
460.797  809.858  
213.057  559.916  
788.22  807  
495.587  807.067  
816.796  544.076  
346.583  815.488  
238.284  220.207  
208.325  614.831  
212.865  316.286  
214.777  361.895  
209.964  418.966  
287.224  206.04  
204.033  790.646  
809.713  212.009  
693.106  206.465  
209.812  260.906  
386.911  196.135  
