508.305  511.808  
545.39  554.453  
564.482  501.944  
469.369  461.868  
492.126  563.683  
516.491  452.94  
460.543  515.175  
561.73  436.839  
440.428  565.509  
595.783  590.257  
604.65  541.372  
422.48  476.805  
539.383  595.88  
433.346  425.169  
612.048  464.134  
415.855  524.297  
484.979  608.701  
427.515  609.446  
482.183  401.574  
621.556  416.398  
638.213  495.904  
582.587  383.618  
545.546  627.853  
385.238  437.052  
594.195  633.949  
379.507  544.836  
534.392  371.691  
407.696  381.604  
377.579  588.493  
643.63  618.195  
453.097  647.817  
378.709  494.389  
379.1  628.315  
652.509  571.857  
501.895  647.499  
664.799  527.18  
633.601  660.187  
399.52  662.263  
665.515  401.693  
554.537  657.104  
356.262  396.124  
626.528  351.356  
443.123  344.875  
676.464  457.642  
347.606  464.62  
485.16  350.328  
353.33  350.81  
355.811  661.386  
527.801  678.898  
594.683  676.627  
669.371  333.767  
678.25  680.406  
428.424  686.22  
692.525  363.497  
686.564  630.337  
329.769  557.564  
493.611  685.267  
328.078  506.831  
694.919  590.246  
462.795  692.055  
562.709  688.868  
327.456  612.845  
323.672  422.115  
579.748  328.117  
401.604  323.62  
713.519  499.522  
516.084  319.639  
712.535  552.91  
631.268  705.534  
356.284  700.835  
320.854  656.935  
395.161  707.343  
311.61  693.227  
305.382  366.852  
718.383  400.869  
357.221  305.54  
725.668  442.581  
721.313  656.239  
513.48  714.16  
713.598  307.964  
543.067  717.384  
305.396  301.503  
579.905  717.628  
297.932  460.803  
648.012  294.439  
681.876  729.943  
479.528  291.657  
533.154  291.689  
449.569  728.599  
730.269  728.833  
485.99  730.898  
326.855  731.461  
732.215  356.044  
744.045  686.544  
438.799  287.825  
735.288  606.485  
567.955  285.391  
610.776  276.183  
280.483  599.949  
410.973  736.715  
277.808  511.006  
619.895  742.705  
284.126  653.938  
364.293  743.753  
273.261  553.967  
275.49  705.781  
275.094  417.394  
692.19  267.908  
267.322  334.382  
301.305  752.187  
756.185  536.377  
586.807  752.418  
521.399  748.598  
756.72  318.727  
399.118  261.541  
767.123  472.857  
555.112  755.672  
760.507  268.216  
642.086  776.146  
358.498  256.517  
253.619  381.901  
773.839  377.606  
771.878  639.519  
264.725  251.302  
437.234  766.577  
774.112  421.436  
776.346  589.477  
250.334  471.69  
470.9  769.468  
315.845  246.117  
526.393  254.582  
248.439  730.13  
241.559  289  
737.131  774.273  
400.842  771.776  
277.068  778.098  
774.484  716.259  
504.28  778.443  
689.191  780.938  
248.097  650.095  
483.929  238.178  
726.858  231.853  
786.876  764.136  
580.331  238.489  
356.112  782.06  
648.95  233.034  
438.541  238.518  
794.122  339.158  
797.47  514.505  
541.01  791.143  
225.072  577.613  
587.991  791.611  
326.896  802.499  
804.295  673.575  
220.621  429.361  
217.572  531.423  
806.876  298.887  
218.785  781.03  
208.232  610.514  
215.36  322.01  
810.284  244.669  
811.284  566.082  
205.707  684.517  
216.039  367.938  
773.328  811.167  
252.651  815.498  
770.862  210.017  
390.533  808.663  
438.084  805.78  
209.39  240.881  
532.251  211.627  
480.137  814.593  
694.423  198.606  
812.468  723.917  
214.185  724.055  
286.529  203.006  
199.113  485.006  
713.918  820.099  
394.29  198.189  
603.57  197.52  
204.011  645.765  
347.535  197.337  
825.704  627.902  
817.382  418.494  
236.233  194.969  
830.437  471.025  
657.385  826.553  
