495.824  483.367  
489.117  533.458  
533.63  554.102  
560.788  513.97  
529.218  448.418  
447.314  508.664  
490.138  591.787  
573.215  557.441  
584.957  451.847  
604.193  490.716  
423.717  570.9  
424.474  416.567  
606.971  568.996  
415.768  464.881  
598.955  598.006  
489.839  414.233  
605.833  532.468  
552.317  622.555  
398.158  435.313  
426.699  619.929  
406.204  501.424  
576.185  396.666  
404.541  536.652  
619.242  417.516  
623.721  446.179  
518.556  380.56  
423.84  381.488  
631.819  522.082  
609.976  655.091  
384.414  480.854  
651.422  389.167  
377.792  602.547  
646.806  472.435  
668.38  631.629  
666.829  602.392  
661.567  567.9  
607.775  361.482  
373.124  515.322  
428.621  658.961  
452.178  691.357  
469.221  357.339  
665.696  488.609  
376.077  669.932  
373.492  540.151  
649.414  513.208  
503.362  686.062  
362.445  581.477  
654.62  438.193  
362.443  560.081  
368.276  451.106  
369.877  463.431  
370.667  417.633  
554.679  354.608  
560.083  674.261  
416.913  356.364  
346.875  481.871  
674.812  676.654  
677.539  461.417  
667.465  512.685  
640.289  342.989  
689.862  539.542  
344.381  414.257  
335.575  614.725  
685.263  420.052  
320.221  380.981  
636.426  701.058  
377.135  310.539  
338.31  679.893  
321.469  520.576  
433.199  320.593  
335.145  564.574  
700.632  341.268  
702.009  379.276  
296.878  316.687  
524.955  319.46  
694.296  499.355  
537.353  718.623  
643.765  317.288  
571.553  306.353  
709.342  435.144  
705.827  461.862  
600.379  718.697  
696.342  309.262  
720.028  489.021  
500.293  291.435  
734.117  664.033  
706.339  719.827  
300.279  458.949  
731.118  526.102  
332.544  272.61  
724.45  585.354  
305.037  601.27  
305.8  426.522  
725.669  624.799  
385.412  744.501  
281.048  669.646  
282.953  554.327  
319.515  753.201  
730.07  391.976  
621.702  290.072  
656.597  272.81  
737.033  470.777  
668.688  762.063  
271.714  493.753  
744.397  323.212  
740.055  358.318  
733.526  436.814  
259.859  371.43  
370.441  265.258  
270.641  602.295  
273.967  392.645  
261.237  333.006  
428.654  259.616  
692.589  285.413  
704.976  268.728  
268.996  764.177  
608.051  756.009  
498.906  746.76  
756.95  728.149  
763.935  581.494  
764.238  413.793  
259.978  423.701  
556.332  776.292  
450.849  785.698  
726.064  256.931  
755.522  389.52  
736.098  761.83  
533.205  772.526  
480.371  241.375  
768.639  621.229  
278.82  260.93  
570.883  252.493  
585.258  771.179  
776.473  277.125  
779.058  549.893  
782.209  680.983  
767.913  437.633  
758.655  476.384  
776.507  361.389  
493.653  773.002  
412.704  787.909  
622.94  242.555  
516.424  257.871  
747.581  230.766  
229.661  703.936  
234.851  449.751  
776.338  467.507  
798.264  502.398  
790.065  306.838  
790.879  788.028  
235.866  566.578  
720.154  803.491  
524.733  219.479  
811.36  341.713  
797.269  391.845  
251.681  227.309  
749.225  783.069  
232.173  471.615  
786.157  239.248  
768.377  819.048  
206.467  618.054  
231.616  501.148  
234.543  327.93  
369.862  229.979  
684.074  220.869  
798.246  735.864  
218.961  798.849  
500.653  805.057  
328.648  804.999  
798.075  447.294  
213.742  246.524  
389.314  823.16  
300.009  226.928  
210.49  405.793  
599.788  804.521  
820.988  595.422  
189.036  547.252  
836.1  631.983  
399.297  211.836  
664.079  822.784  
797.197  209.725  
457.88  197.125  
585.681  206.958  
642.075  214.86  
211.374  327.01  
828.174  707.248  
415.694  188.92  
