521.059  523.419  
522.435  482.407  
466.775  510.323  
476.031  467.933  
471.522  546.458  
524.82  560.036  
569.935  475.949  
583.952  547.09  
561.8  592.27  
471.078  577.4  
511.555  428.056  
609.042  505.281  
432.852  489.634  
450.311  434.188  
427.222  532.215  
571.897  422.224  
424.683  564.037  
442.961  604.459  
521.301  600.755  
598.94  598.22  
484.096  609.259  
629.927  448.594  
405.504  441.767  
404.218  587.034  
426.278  395.999  
402.69  485.072  
634.181  390.804  
391.642  618.346  
476.808  378.025  
545.134  636.384  
422.579  638.307  
384.763  514.085  
388.442  545.69  
536.629  377.571  
646.559  549.317  
608.779  638.989  
638.239  596.434  
589.555  373.877  
489.672  643.502  
375.425  398.234  
374.601  468.561  
447.109  657.815  
654.909  635.692  
581.243  664.489  
366.572  577.396  
669.694  496.385  
367.765  648.376  
359.546  432.482  
412.736  351.414  
526.258  669.261  
676.747  421.395  
348.989  364.338  
637.323  675.429  
346.303  610.272  
350.101  503.042  
648.923  345.439  
401.977  683.291  
349.882  543.161  
683.427  589.038  
467.139  681.011  
684.714  673.785  
523.229  333.498  
358.558  683.109  
498.176  691.409  
340.53  465.083  
704.287  377.675  
369.391  322.157  
466.988  323.805  
589.411  328.073  
699.529  629.764  
551.181  700.276  
701.817  336.934  
709.326  555.384  
319.884  417.154  
321.945  570.217  
604.195  713.077  
430.043  710.127  
577.437  706.672  
310.565  637.216  
317.051  677.545  
316.757  527.868  
669.24  713.425  
308.557  325.861  
728.586  470.141  
311.959  491.737  
302.832  380.332  
727.292  432.059  
527.537  718.076  
634.423  720.43  
725.847  509.745  
306.732  455.884  
349.913  719.564  
464.3  716.168  
299.294  600.616  
709.36  726.125  
414.288  291.763  
306.082  721.104  
646.502  297.785  
723.719  671.797  
546.18  287.808  
708.918  299.432  
396.348  736.812  
742.899  607.071  
495.935  731.725  
345.535  282.097  
503.589  278.146  
288.083  553.387  
590.743  280.547  
278.331  511.832  
755.218  390.83  
275.893  437.403  
276.441  667.344  
291.649  269.025  
569.333  753.89  
458.332  264.174  
762.354  709.187  
269.173  708.758  
755.393  333.431  
452.021  750.823  
755.377  547.065  
268.038  478.015  
733.002  269.539  
762.949  652.114  
324.856  756.79  
739.871  763.699  
261.004  357.469  
531.963  759.571  
268.665  751.007  
258.349  308.299  
669.155  256.321  
669.203  761.959  
613.051  764.109  
254.632  404.197  
362.901  766.631  
257.019  586.393  
253.614  629.889  
490.596  769.372  
374.557  242.652  
251.763  542.732  
430.578  777.999  
604.712  243.55  
785.478  576.791  
779.081  264.058  
789.534  301.337  
785.775  509.575  
248.571  260.395  
791.047  466.817  
305.649  790.209  
322.289  232.94  
796.429  416.349  
237.093  679.899  
714.992  233.233  
790.472  756.321  
393.453  794.228  
234.834  455.818  
429.689  225.931  
553.158  226.052  
231.308  505.34  
258.024  793.797  
798.648  355.466  
705.876  808.506  
499.615  222.936  
803.505  677.004  
765.336  227.013  
220.104  733.625  
629.824  216.933  
814.862  615.443  
650.767  806.659  
589.733  804.726  
538.482  802.078  
461.797  809.884  
789.497  806.781  
212.365  560.7  
238.814  221.376  
498.288  808.568  
346.429  816.013  
215.04  316.713  
817.816  547.031  
216.086  363.176  
287.048  209.527  
206.842  614.447  
210.685  418.666  
691.004  207.276  
809.713  212.458  
203.273  790.829  
212.048  261.819  
829.015  245.473  
