494.886  517.039  
537.176  508.743  
519.004  547.203  
504.996  475.322  
471.864  554.491  
551.923  559.562  
553.846  453.307  
453.475  499.613  
580.283  480.194  
470.098  443.561  
573.66  515.182  
586.901  542.858  
518.188  581.141  
589.854  577.354  
449.126  596.215  
512.694  426.748  
423.887  463.112  
414.595  531.489  
561.38  602.865  
444.785  407.345  
616.191  456.662  
562.205  405.865  
510.048  610.024  
624.7  504.361  
623.225  599.985  
634.522  423.703  
595.979  627.473  
599.025  382.545  
377.05  577.148  
630.463  551.028  
395.57  410.45  
385.055  630.742  
546.342  631.919  
436.785  649.464  
506.344  379.053  
492.948  648.369  
384.265  465.521  
645.748  389.385  
633.596  653.861  
356.082  516.4  
584.018  657.259  
398.951  360.769  
668.955  624.485  
450.708  353.704  
536.304  660.143  
672.9  582.063  
669.577  451.828  
671.589  535.43  
680.752  495.876  
559.4  342.58  
351.812  410.171  
348.763  355.683  
628.877  344.747  
676.443  371.009  
331.493  649.392  
340.654  461.675  
349.906  691.721  
693.458  660.169  
676.919  689.453  
481.195  690.786  
564.568  687.108  
387.52  687.694  
697.945  412.153  
601.685  696.188  
496.895  323.795  
637.772  702.285  
689.272  328.87  
312.334  559.264  
534.526  703.732  
440.425  706.036  
303.439  612.656  
313.269  426.444  
404.706  312.839  
713.161  463.013  
305.68  347.041  
712.524  543.542  
403.945  720.76  
301.059  492.912  
719.116  596.692  
321.636  710.573  
715.985  369.757  
726.119  635.151  
632.006  306.595  
726.81  715.632  
305.253  303.264  
561.36  294.199  
515.112  731.336  
673.818  730.819  
582.26  735.47  
356.826  273.736  
737.675  499.547  
740.113  313.325  
740.415  424.265  
746.955  675.101  
278.72  661.739  
283.783  417.481  
693.435  290.06  
282.36  699.782  
477.665  747.552  
368.882  751.635  
292.205  731.081  
487.376  275.89  
610.135  274.462  
423.065  269.982  
636.41  748.218  
755.933  582.195  
258.087  386.338  
663.464  266.088  
332.641  754.699  
749.012  368.643  
750.444  539.279  
420.67  758.58  
256.959  532.162  
709.906  765.874  
535.413  765.444  
752.442  274.819  
292.417  265.717  
763.768  460.208  
255.02  576.177  
247.617  463.636  
753.078  770.544  
295.328  764.031  
250  345.361  
613.887  773.931  
532.385  242.51  
708.519  252.27  
256.427  742.499  
249.263  495.842  
779.585  632.928  
576.226  247.402  
787.559  743.585  
675.469  776.201  
232.727  618.067  
236.126  301.197  
783.021  410.01  
787.206  354.696  
636.862  242.238  
578.405  782.67  
796.625  701.885  
234.791  428.503  
241.675  247.716  
778.995  497.566  
452.181  790.182  
242.09  704.937  
465.152  223.42  
791.182  312.414  
230.184  768.358  
749.074  239.05  
786.265  239.741  
784.941  539.02  
227.768  661.495  
400.916  221.632  
398.604  804.439  
282.945  804.1  
489.458  803.048  
341.683  218.962  
600.287  226.641  
654.205  801.519  
329.557  795.067  
799.597  585.403  
287.534  224.773  
802.892  265.819  
797.546  798.351  
241.156  812.479  
672.385  217.446  
807.261  450.385  
361.955  814.986  
532.033  810.461  
821.759  663.354  
742.907  816.456  
714.387  215.733  
820.992  390.094  
808.278  498.168  
200.352  516.077  
814.909  548.932  
623.496  822.864  
196.413  397.605  
196.801  741.629  
195.259  568.217  
766.681  205.313  
575.618  819.895  
686.984  830.851  
632.224  206.422  
198.658  697.593  
198.616  256.226  
189.857  215.952  
196.539  343.369  
