511.659  506.842  
489.196  548.257  
546.998  502.715  
478.243  472.615  
559.605  550.675  
526.508  461.307  
435.936  502.907  
573.632  467.428  
425.992  544.091  
599.689  519.767  
480.778  578.775  
427.182  446.621  
569.064  588.514  
536.566  612.18  
510.067  421.318  
444.743  602.317  
603.091  417.003  
411.287  602.64  
566.802  421.696  
497.959  607.853  
623  481.679  
620.525  439.723  
604.852  591.434  
452.083  390.934  
458.938  616.262  
473.789  637.104  
399.903  404.454  
583.585  629.714  
639.345  556.011  
379.501  579.851  
656.001  521.203  
643.164  620.753  
385.76  507.299  
435.245  638.786  
507.694  385.557  
583.787  379.784  
644.063  590.176  
542.486  357.035  
371.332  430.743  
631.784  375.595  
671.785  434.399  
502.468  663.78  
571.852  650.166  
413.803  357.711  
637.784  658.451  
349.61  625.922  
357.164  465.455  
383.032  365.061  
362.138  385.9  
536.126  656.334  
674.265  566.497  
359.186  494.105  
416.209  673.696  
602.726  682.939  
672.234  373.861  
565.536  668.842  
672.244  662.52  
471.384  336.246  
332.92  555.557  
504.96  330.461  
465.859  685.866  
346.753  525.356  
350.834  688.821  
642.334  344.145  
704.46  641.23  
334.207  504.308  
705.416  507.646  
310.417  375.358  
367.182  323.157  
704.25  596.047  
527.119  690.307  
320.929  327.858  
426.46  325.994  
604.331  320.964  
331.562  434.398  
325.162  411.436  
409.224  713.666  
560.874  704.008  
575.087  302.973  
629.704  711.96  
327.488  470.863  
704.587  326.5  
683.555  723.783  
303.579  663.864  
375.02  712.233  
711.204  388.287  
721.407  353.983  
648.41  312.505  
303.951  629.305  
299.89  456.604  
316.225  523.741  
450.34  304.564  
404.021  287.036  
308.662  722.993  
462.178  718.286  
298.249  497.652  
295.483  585.368  
533.429  288.385  
295.483  421.944  
734.071  431.147  
737.065  574.641  
527.304  736.317  
745.052  687.398  
705.947  300.698  
362.54  281.333  
353.147  738.047  
757.991  486.394  
745.09  529.552  
387.664  741.201  
266.212  564.412  
332.136  276.513  
480.157  282.525  
746.066  747.759  
277.229  703.749  
294.267  269.552  
276.997  535.332  
504.695  263.065  
664.133  279.573  
619.666  760.118  
279.321  320.094  
614.232  285.286  
760.149  338.558  
761.439  442.415  
462.409  764.241  
266.693  603.087  
727.835  267.49  
442.425  279.613  
759.661  637.636  
752.852  308.188  
749.552  383.376  
557.316  769.292  
322.168  762.208  
684.892  256.708  
261.583  749.069  
262.176  429.369  
250.351  490.556  
574.751  260.977  
646.862  249.984  
400.983  775.297  
618.554  250.488  
259.793  679.45  
775.806  597.097  
238.061  644.545  
248.274  516.646  
772.619  545.652  
539.686  252.458  
777.954  296.322  
447.731  247.269  
251.407  341.525  
764.915  247.733  
228.766  265.793  
794.824  562.079  
250.609  706.015  
371.134  236.541  
783.65  371.375  
414.562  222.534  
264.398  790.211  
786.663  453.253  
236.932  305.169  
786.696  259.856  
210.847  379.715  
486.743  228.305  
528.416  807.969  
262.695  212.072  
682.743  809.496  
698.63  234.078  
799.366  692.505  
744.08  789.256  
816.413  396.047  
217.047  740.413  
305.414  222.79  
230.4  539.746  
327.224  215.154  
219.914  604.538  
572.702  241.514  
590.921  222.384  
348.93  803.714  
307.389  800.587  
222.589  684.663  
548.277  232.147  
812.046  602.85  
602.069  806.053  
224.922  439.659  
222.93  780.5  
718.421  223.265  
822.093  432.635  
796.831  503.301  
