506.163  514.346  
564.21  504.551  
543.293  556.984  
515.127  453.936  
467.611  462.146  
492.252  565.15  
458.903  514.904  
562.144  438.086  
441.482  564.905  
596.235  591.509  
605.048  543.035  
422.032  478.187  
431.587  426.62  
539.746  598.157  
614.968  464.344  
414.894  523.9  
485.599  610.466  
427.867  609.439  
481.375  401.159  
622.196  416.824  
639.944  495.404  
583.42  383.287  
546.221  629.363  
381.24  544.682  
384.595  437.876  
377.224  590.423  
406.868  381.796  
535.023  367.902  
644.717  620.333  
594.261  635.725  
454.027  649.386  
378.777  629.815  
379.063  493.473  
654.817  571.622  
502.496  650.02  
662.84  527.019  
630.722  660.443  
665.597  400.664  
398.141  664.209  
354.709  396.542  
627.06  349.854  
553.481  658.191  
442.216  343.415  
349.456  466.938  
484.612  349.451  
677.91  459.15  
353.125  351.189  
355.131  661.81  
528.265  679.261  
428.289  685.828  
677.071  678.679  
592.565  675.959  
669.848  334.823  
332.331  556.524  
693.689  363.471  
687.135  628.112  
695.802  590.632  
495.375  686.488  
327.88  503.695  
563.453  689.097  
323.804  423.207  
463.457  692.592  
326.231  615.259  
402.666  323.693  
579.82  325.887  
713.166  501.077  
712.177  554.263  
628.389  705.32  
356.357  700.833  
513.642  314.891  
320.529  658.792  
396.785  708.72  
310.762  692.538  
716.94  399.625  
725.715  439.934  
357.757  306.993  
304.344  367.007  
714.293  308.662  
722.148  657.369  
541.741  717.238  
514.202  715.286  
298.321  459.255  
304.841  301.608  
575.957  718.099  
683.692  730.445  
534.05  291.045  
478.9  292.218  
647.99  293.629  
487.202  730.427  
326.3  730.971  
451.231  729.012  
730.892  356.027  
743.869  687.257  
731.951  728.112  
282.916  598.851  
735.332  608.346  
565.952  286.73  
609.547  275.569  
439.503  285.994  
411.144  737.455  
278.894  510.875  
616.43  742.916  
277.995  708.728  
692.237  270.425  
284.155  655.439  
272.683  554.451  
363.202  743.669  
275.248  416.471  
268.343  335.188  
755.662  536.474  
586.46  750.914  
300.773  751.467  
766.219  472.01  
399.726  261.627  
755.973  320.8  
521.981  748.396  
555.238  755.384  
642.004  774.377  
761.219  267.689  
358.904  258.829  
772.152  376.547  
771.383  639.238  
437.465  766.301  
253.428  382.451  
263.591  252.859  
251.879  470.849  
776.963  589.75  
316.763  245.725  
775.647  418.666  
471.268  769.251  
525.67  254.969  
242.161  290.491  
737.084  774.35  
402.579  771.106  
279.886  776.687  
249.856  649.624  
774.956  715.584  
247.755  727.86  
505.32  777.008  
727.487  233.191  
579.733  240.194  
690.171  782.019  
483.852  239.285  
786.595  763.355  
650.348  233.844  
357.034  782.454  
438.654  238.925  
538.46  789.118  
796.778  515.471  
584.924  789.621  
225.156  579.382  
793.133  338.205  
327.066  802.966  
221.71  428.638  
804.115  674.286  
806.284  299.016  
218.201  781.369  
216.655  531.644  
254.619  813.143  
216.989  366.978  
216.066  322.528  
811.493  566.551  
207.594  611.149  
205.49  683.164  
811.842  245.316  
771.224  811.276  
392.104  807.457  
532.792  213.321  
773.366  209.174  
439.155  806.098  
209.14  240.534  
481.232  812.161  
200.932  484.698  
285.69  203.365  
694.1  198.445  
214.319  723.767  
813.105  723.364  
205.175  644.848  
347.831  197.227  
394.793  197.169  
601.734  197.309  
825.572  629.072  
816.669  419.257  
711.546  821.528  
829.857  472.518  
236.17  194.123  
612.125  833.154  
