510.276  530.809  
558.354  484.542  
447.146  480.035  
562.233  560.046  
432.914  539.628  
525.609  438.405  
498.498  582.443  
419.64  588.516  
464.734  600.64  
618.969  512.325  
622.641  569.993  
444.709  404.223  
549.688  607.197  
626.854  413.36  
662.885  456.383  
599.311  613.614  
364.274  521.853  
498.531  634.909  
349.016  468.388  
452.974  636.378  
407.204  635.764  
568.724  370.429  
651.053  602.278  
640.939  634.745  
546.427  651.199  
349.088  567.088  
680.486  524.343  
401.249  352.423  
357.297  611.375  
327.018  423.698  
683.623  352.24  
361.015  673.353  
467.539  676.965  
590.478  681.87  
411.532  682.565  
689.657  644.626  
509.308  339.731  
692.806  565.017  
723.167  485.38  
315.138  662.278  
668.285  691.542  
319.915  335.298  
499.263  707.141  
744.668  393.315  
275.773  395.088  
612.931  313.875  
734.939  589.407  
297.051  608.042  
509.727  299.047  
403.466  291.473  
301.256  725.26  
265.129  523.152  
743.802  695.767  
370.489  737.017  
417.734  731.694  
600.328  733.111  
762.986  316.291  
538.732  730.419  
335.967  729.209  
775.545  531.8  
751.504  654.963  
702.874  291.282  
269.742  564.412  
687.225  738.103  
441.326  758.008  
256.645  313.481  
791.882  425.813  
779.291  616.925  
308.037  265.374  
267.061  714.81  
261.59  668.857  
743.081  756.59  
615.621  271.504  
227.794  484.309  
633.271  768.022  
513.675  258.644  
789.646  709.821  
495.264  771.521  
309.132  762.368  
243.334  606.884  
808.104  345.78  
804.355  467.646  
261.032  783.306  
743.728  257.231  
254.169  633.995  
560.956  781.858  
423.063  245.498  
224.157  365.166  
364.373  798.683  
240.972  746.915  
664.172  239.662  
686.195  790.448  
208.689  441.951  
839.373  279.553  
236.197  241.876  
205.102  286.485  
596.063  223.949  
768.651  789.068  
311.041  796.082  
815.742  738.679  
441.369  802.792  
818.198  570.739  
383.635  214.178  
300.846  212.217  
840.501  499.046  
218.155  711.54  
515.807  221.907  
768.458  221.491  
834.378  657.849  
218.885  657.531  
501.531  824.287  
202.186  786.538  
587.719  821.344  
379.247  836.152  
202.461  596.046  
838.979  776.227  
774.104  826.064  
859.832  242.382  
199.616  832.799  
217.627  207.687  
480.29  195.432  
679.431  202.102  
710.408  827.203  
878.542  368.804  
246.713  839.181  
184.951  754.766  
201.249  532.002  
832.933  816.391  
163.904  337.565  
574.98  184.384  
643.963  830.854  
175.367  649.625  
151.795  434.488  
294.575  834.874  
176.345  698.346  
190.877  555.473  
418.703  845.119  
167.747  251.834  
835.703  189.121  
866.965  621.499  
748.159  175.602  
867.418  591.808  
321.68  859.745  
874.454  207.747  
186.705  181.202  
375.708  165.259  
881.012  303.225  
313.945  164.607  
868.556  690.033  
149.811  388.764  
863.641  830.951  
255.58  162.67  
452.716  159.82  
889.939  447.813  
640.468  865.345  
174.596  578.254  
151.57  486.439  
578.602  862.431  
455.615  860.388  
270.548  878.273  
884.84  530.03  
755.857  873.545  
693.713  873.053  
658.856  156.146  
524.772  864.004  
152.209  551.726  
202.535  874.438  
896.55  725.059  
159.873  608.51  
923.919  402.353  
144.275  852.238  
874.151  158.608  
143.424  749.806  
143.612  218.487  
831.454  874.03  
164.082  154.199  
562.072  138.009  
913.43  560.706  
900.071  779.793  
140.36  805.24  
372.852  881.856  
152.987  893.103  
482.814  889.293  
115.003  302.883  
127.635  648.607  
116.351  533.441  
898.039  330.368  
