553.979  505.053  
476.999  518.543  
532.474  550.543  
494.24  479.973  
468.414  559.64  
445.971  488.337  
548.893  460.698  
485.904  446.947  
593.788  559.016  
436.539  448.702  
553.438  593.91  
501.142  595.683  
587.683  437.928  
436.915  598.846  
606.088  468.848  
535.575  425.567  
405.538  546.894  
607.831  599.398  
393.062  472.756  
626.8  510.308  
395.47  509.328  
403.839  415.333  
482.629  412.781  
574.191  401.08  
628.472  409.632  
431.177  385.288  
556.893  636.222  
389.149  590.75  
484.441  636.385  
647.03  447.514  
507.435  381.289  
417.271  635.802  
624.316  637.573  
375.901  626.5  
650.541  567.793  
367.797  441.423  
365.954  388.2  
632.688  373.3  
665.374  599.764  
573.779  359.806  
694.813  478.437  
361.377  565.351  
380.64  353.473  
679.259  528.275  
352.616  663.053  
347.175  488.896  
661.463  658.826  
418.301  675.469  
683.366  397.938  
566.386  676.117  
346.731  534.871  
334.368  419.618  
443.791  348.799  
343.234  613.201  
353.597  588.769  
492.893  679.555  
337.497  509.561  
681.826  355.904  
697.964  622.28  
509.328  337.537  
337.208  395.899  
628.297  340.479  
619.554  686.69  
330.332  369.936  
700.39  428.251  
321.933  463.305  
681.668  687.095  
321.219  638.597  
707.566  562.485  
341.148  333.033  
320.193  556.165  
333.229  705.109  
318.681  586.003  
705.691  325.646  
437.322  316.176  
708.24  378.396  
495.433  713.971  
559.763  313.315  
737.537  645.421  
555.655  716.616  
381.879  306.465  
638.055  305.266  
303.504  352.714  
736.914  589.037  
410.087  718.046  
594.91  302.587  
301.344  609.998  
287.733  677.017  
302.205  520.097  
623.281  720.379  
730.302  364.629  
284.943  430.361  
674.922  282.001  
731.399  698.524  
297.794  399.936  
315.225  301.64  
680.468  725.926  
286.439  323.692  
290.775  491.037  
740.003  523.464  
494.698  298.84  
278.132  379.254  
752.585  436.665  
763.692  673.975  
286.841  650.942  
736.794  300.757  
755.278  403.64  
737.948  722.457  
279.407  542.035  
553.363  280.247  
293.407  740.779  
271.444  572.959  
454.515  279.223  
281.553  594.212  
759.86  331.174  
270.202  625.379  
275.343  460.595  
342.624  247.043  
462.957  758.025  
416.393  275.788  
565.947  757.726  
255.582  274.912  
264.881  709.831  
777.106  466.488  
755.323  493.671  
701.653  752.169  
506.323  267.954  
367.555  756.417  
612.686  259.331  
771.201  742.936  
737.71  270.536  
776.972  608.003  
262.281  350.443  
771.277  553.522  
637.691  769.078  
256.479  514.984  
234.892  593.056  
782.618  365.955  
232.316  477.276  
252.614  755.751  
255.732  646.647  
428.035  249.897  
778.064  276.385  
240.214  399.166  
797.454  699.457  
257.425  234.469  
697.323  237.457  
224.084  294.327  
564.248  241.677  
706.172  782.57  
303.002  776.069  
235.901  688.788  
234.379  428.942  
233.739  729.987  
231.22  559.627  
471.538  235.166  
791.999  776.494  
225.664  660.345  
255.197  779.537  
518.196  224.442  
797.668  508.172  
757.815  232.346  
219.029  447.239  
220.261  369.069  
212.403  327.854  
801.707  575.047  
205.394  525.803  
797.205  311.576  
469.133  805.271  
351.035  790.198  
233.426  639.293  
808.665  635.636  
396.502  800.988  
203.819  609.283  
807.713  245.638  
561.674  804.9  
426.05  209.1  
623.652  218.332  
814.273  425.637  
295.024  798.336  
743.928  807.052  
216.27  755.068  
819.355  390.522  
625.871  806.817  
234.909  799.23  
208.293  708.917  
214.325  780.731  
