520.961  512.799  
485.811  513.413  
506.38  529.699  
527.005  491.418  
492.647  484.559  
527.778  541.839  
482.557  534.748  
555.7  529.618  
492.881  550.704  
557.864  497.685  
545.786  469.742  
462.272  490.246  
515.737  459.295  
550.165  569.365  
466.765  564.175  
482.64  454.82  
510.81  572.199  
447.969  531.969  
457.49  456.461  
568.673  456.864  
578.964  481.785  
581.614  518.703  
582.036  566.593  
549.05  433.982  
435.846  578.314  
433.953  558.072  
428.097  501.228  
431.886  468.947  
435.874  435.971  
479.201  592.994  
587.576  424.401  
510.297  428.785  
603.409  538.296  
475.012  416.489  
605.24  464.346  
570.826  603.598  
607.009  499.568  
609.831  594.544  
535.229  607.674  
436.008  601.125  
502.377  619.635  
613.303  563.761  
404.125  533.852  
462.809  629.09  
407.689  452.131  
540.718  413.391  
398.096  598.599  
401.486  564.648  
406.158  423.413  
623.588  434.36  
407.599  477.478  
436.42  402.955  
519.167  399.513  
422.45  629.195  
558.38  392.064  
615.041  627.063  
617.955  391.767  
397.958  396.519  
382.886  498.726  
634.491  543.68  
591.048  391.125  
573.418  635.491  
636.895  505.484  
639.427  468.602  
400.925  647.313  
387.072  467.584  
381.153  446.104  
530.445  646.661  
646.581  574.646  
494.819  382.158  
640.625  398.134  
417.577  375.584  
378.841  421.34  
467.841  382.213  
646.505  611.622  
448.027  374.102  
369.525  625.773  
533.121  372.584  
633.115  664.534  
361.759  540.553  
662.034  434.107  
599.717  660.002  
490.18  660.063  
359.17  582.851  
365.522  399.743  
381.723  364.775  
657.434  530.323  
669.362  644.716  
444.205  662.755  
587.305  362.821  
645.352  363.302  
660.327  478.371  
557.768  659.566  
371.699  664.564  
360.72  467.144  
672.011  396.628  
669.458  497.634  
670.504  588.867  
679.734  553.755  
619.899  351.907  
677.579  376.344  
345.045  445.007  
478.747  351.834  
506.86  351.75  
551.632  347.045  
346.473  656.37  
342.295  493.267  
451.291  345.137  
409.49  685.514  
422.789  348.478  
676.819  345.544  
567.721  686.848  
369.316  339.364  
334.576  365.986  
700.545  602.214  
344.124  388.738  
522.022  687.278  
690.012  461.337  
692.256  517.901  
469.46  690.793  
331.528  620.804  
687.349  677.678  
330.186  417.586  
366.955  705.199  
654.508  698.512  
408.791  327.247  
589.753  332.505  
598.007  696.674  
315.252  523.39  
340.404  326.768  
526.467  325.64  
695.633  423.902  
442.04  703.987  
637.626  328.084  
318.462  691.244  
316.703  556.761  
624.242  705.4  
316.643  587.946  
722.041  488.132  
315.971  649.895  
485.369  319.937  
694.653  314.042  
707.609  368.219  
445.374  317.539  
614.017  315.806  
708.219  395.074  
718.203  655.545  
716.488  696.608  
487.301  716.586  
310.326  393.502  
563.353  313.912  
711.791  554.338  
312.476  348.308  
682.363  719.067  
311.926  460.689  
667.241  317.739  
552.107  719.152  
728.437  625.846  
375.438  297.574  
719.095  332.139  
301.436  325.559  
715.288  430.52  
658.948  297.594  
732.901  447.457  
520.558  297.382  
720.673  350.782  
511.314  731.003  
406.637  731.182  
341.222  738.14  
600.776  726.163  
292.615  428.676  
479.251  292.669  
586.62  294.107  
288.308  488.838  
414.637  294.874  
334.293  287.676  
289.228  374.606  
728.199  308.769  
739.214  526.171  
292.278  298.699  
735.443  397.796  
739.097  571.084  
727.564  726.293  
275.591  720.677  
285.921  634.834  
306.055  744.391  
647.395  741.006  
