504.322  517.749  
540.96  506.259  
461.178  528.574  
475.259  475.858  
568.555  544.222  
529.706  475.054  
537.539  561.555  
445.594  491.138  
497.653  569.249  
568.462  455.278  
436.223  554.801  
491.874  454.975  
592.735  498.075  
445.795  446.504  
510.537  439.684  
587.656  589.534  
452.486  580.847  
592.314  529.134  
461.303  422.323  
503.417  599.948  
549.506  610.201  
414.635  460.89  
540.232  422.005  
599.464  472.352  
591.568  411.552  
411.226  501.529  
472.16  612.326  
613.809  562.402  
414.276  598.442  
419.542  418.742  
621.125  453.085  
398.767  572.217  
391.354  523.848  
490.975  403.294  
636.781  489.436  
630.025  533.967  
629.189  604.499  
397.542  434.956  
449.056  630.683  
599.588  633.719  
379.27  611.231  
644.054  430.003  
422.43  396.9  
384.844  468.103  
519.378  637.304  
373.737  545.975  
538.707  391.478  
448.519  395.461  
392.583  393.845  
386.028  411.876  
658.162  401.737  
403.449  637.545  
635.541  378.191  
377.343  489.875  
647.095  635.095  
457.246  380.085  
660.876  575.42  
560.155  652.252  
584.252  374.581  
499.311  375.631  
395.034  375.792  
488.581  656.243  
447.647  652.714  
367.227  439.392  
672.486  524.494  
421.495  369.732  
353.169  582.336  
361.193  641.374  
360.329  390.461  
676.876  464.368  
649.921  660.101  
352.366  506.47  
539.188  360.795  
412.96  664.511  
360.402  367.85  
675.791  614.519  
599.395  668.681  
349.208  656.592  
342.145  561.285  
461.457  365.048  
353.094  413.19  
527.868  674.537  
345.199  459.612  
383.687  351.796  
421.23  343.016  
470.234  351.564  
630.918  348.501  
331.055  626.181  
689.813  363.503  
476.668  675.513  
502.123  345.188  
583.186  346.774  
381.852  681.635  
340.732  525.387  
335.611  482.095  
699.475  647.176  
348.862  343.394  
695.231  684.038  
643.414  686.499  
328.763  676.4  
699.795  432.506  
568.532  690.313  
707.202  496.527  
704.75  566.077  
324.964  592.091  
337.672  430.717  
452.08  686.588  
543.755  333.218  
322.861  609.497  
325.489  357.87  
704.882  400.499  
328.383  381.359  
677.885  321.804  
450.1  332.847  
325.355  402.654  
633.353  323.002  
611.153  699.985  
343.373  697.877  
312.728  537.45  
375.937  323.431  
487.179  325.826  
589.406  326.701  
515.46  702.652  
352.676  324.561  
448.887  702.397  
393.549  704.674  
304.641  638.864  
308.276  512.775  
321.266  316.149  
725.137  608.296  
310.154  438.569  
671.697  713.818  
308.908  415.584  
309.037  334.965  
397.865  317.731  
455.751  315.05  
312.966  493.826  
729.24  532.445  
296.432  572.404  
310.654  456.28  
418.627  310.022  
303.957  696.233  
522.975  312.685  
333.609  717.029  
560.227  298.931  
723.433  716.732  
289.768  664.855  
369.985  725.307  
592.506  308.146  
708.543  301.951  
576.652  717.54  
739.757  338.097  
737.873  462.633  
632.792  726.507  
299.01  390.535  
290.889  472.137  
477.118  298.125  
452.726  728.533  
343.498  301.304  
502.9  725.784  
298.744  731.989  
741.365  379.588  
287.91  551.067  
297.99  372.515  
372.448  294.619  
550.919  726.243  
409.314  726.044  
614.721  292.914  
296.465  354.255  
286.931  593.755  
432.068  294.179  
749.544  677.913  
284.092  312.621  
757.851  423.186  
283.427  616.239  
306.717  288.635  
395.915  283.477  
510.353  287.337  
652.823  280.423  
292.291  425.342  
287.293  491.384  
702.878  749.463  
345.965  743.409  
759.296  644.129  
756.385  570.625  
731.129  278.559  
274.353  446.898  
