508.576  501.242  
511.918  540.246  
551.474  528.084  
452.312  538.86  
544.929  470.906  
482.452  469.312  
436.567  491.169  
546.186  566.632  
578.796  507.057  
493.332  571.581  
449.52  446.874  
607.442  452.385  
546.825  428.62  
462.046  593.534  
590.233  553.851  
570.458  591.032  
481.517  431.8  
413.785  582.686  
514.013  594.802  
406.55  445.725  
605.855  572.6  
618.432  543.679  
581.917  619.771  
435.291  405.438  
531.608  614.048  
632.637  501.1  
616.916  594.67  
415.729  610.404  
502.728  409.455  
603.711  394.228  
388.126  523.166  
483.776  621.63  
360.782  488.172  
442.767  623.631  
637.245  618.648  
375.852  560.431  
554.382  384.383  
651.077  577.088  
611.585  635.332  
494.807  643.279  
489.391  377.2  
382.107  643.89  
381.575  379.646  
655.166  406.657  
542.589  638.606  
367.389  615.557  
360.506  414.99  
663.442  536.062  
435.571  651.444  
640.067  643.028  
574.672  649.667  
629.888  360.241  
523.995  655.975  
353.711  596.674  
676.06  467.676  
432.865  351.444  
611.911  660.071  
350.85  443.686  
672.957  657.492  
685.942  596.12  
590.291  346.115  
686.894  363.639  
530.763  343.029  
675.015  626.962  
547.819  664.118  
576.47  665.601  
369.188  673.018  
329.691  345.265  
471.429  675.622  
437.355  669.32  
649.997  685.673  
339.981  532.451  
677.349  505.292  
519.087  678.029  
551.639  684.438  
409.243  681.736  
599.839  687.558  
321.466  643.791  
304.295  567.915  
498.374  346.202  
471.433  317.49  
694.17  563.828  
714.719  435.27  
632.75  321.786  
493.359  690.457  
698.166  681.692  
298.229  473.592  
398.474  316.656  
312.809  686.726  
428.043  695.639  
306.642  396.022  
574.545  314.278  
698.197  636.722  
704.899  531.239  
351.71  707.13  
385.191  706.113  
715.924  495.989  
461.009  706.307  
727.315  335.983  
710.133  611.09  
517.158  710.784  
687.178  709.488  
563.41  711.844  
294.216  613.086  
621.62  710.351  
300.453  519.572  
280.198  432.064  
667.823  297.882  
725.132  554.15  
720.242  651.913  
409.732  723.371  
521.878  297.385  
728.299  628.785  
655.33  726.987  
356.823  292.42  
726.565  719.688  
316.5  723.006  
726.383  690.422  
595.584  735.708  
282.569  298.108  
479.46  724.586  
733.13  586.356  
742.45  391.307  
748.117  666.169  
750.891  275.727  
365.377  741.591  
615.281  278.483  
441.529  734.819  
429.534  272.219  
557.097  279.387  
536.419  749.789  
501.833  735.628  
312.692  748.912  
754.124  522.24  
280.255  721.204  
251.424  355.308  
756.498  605.943  
676.299  756.679  
256.845  658.282  
714.131  749.091  
764.608  476.096  
469.44  742.866  
486.607  264.325  
632.545  757.982  
588.245  267.46  
756.192  744.264  
268.466  747.045  
757.357  557.671  
759.687  693.327  
244.561  701.565  
239.667  545.904  
318.76  259.851  
406.672  755.24  
762.739  631.095  
759.87  436.988  
471.938  765.943  
438.304  758.654  
233.972  467.191  
502.692  755.578  
243.902  591.576  
237.946  401.79  
773.749  577.3  
372.28  248.448  
541.856  247.786  
655.14  234.805  
583.533  770.575  
769.11  711.148  
251.608  261.943  
348.567  766.586  
790.384  400.624  
381.308  766.738  
277.698  774.746  
783.385  341.299  
702.489  785.82  
230.652  625.488  
744.982  786.531  
229.083  509.052  
246.737  773.279  
723.405  205.522  
505.702  782.064  
313.558  778.038  
243.558  734.271  
781.855  645.065  
418.126  776.447  
592.885  237.471  
285.278  222.068  
793.891  536.6  
