520.212  511.459  
472.91  508.963  
492.441  534.759  
540.337  532.438  
495.366  483.861  
542.117  489.846  
537.995  552.315  
570.148  514.799  
489.743  554.285  
542.259  464.208  
493.991  465.987  
459.699  558.424  
442.265  480.201  
525.208  574.846  
444.943  536.612  
564.772  569.744  
472.407  453.13  
591.439  465.472  
481.061  575.674  
583.51  554.952  
593.104  492.221  
526.094  444.95  
587.827  535.707  
442.555  578.366  
579.569  442.506  
452.132  440.14  
428.239  512.871  
597.802  586.13  
426.634  558.157  
421.518  459.581  
492.75  431.444  
565.675  593.73  
464.951  595.568  
507.586  597.372  
559.196  425.38  
428.546  428.298  
431.761  597.543  
517.358  421.142  
610.88  431.98  
548.976  608.232  
618.8  517.36  
411.686  583.056  
592.596  406.74  
614.856  547.163  
472.107  406.817  
452.763  614.666  
492.826  617.09  
406.751  535.597  
583.622  618.932  
389.764  448.331  
625.813  565.228  
617.351  616.862  
418.694  613.333  
411.413  500.469  
409.526  412.642  
529.703  620.998  
541.054  401.317  
398.757  594.721  
398.849  565.889  
390.733  483.333  
631.94  448.1  
385.951  510.564  
629.92  412.568  
647.022  471.091  
390.17  548.448  
639.011  493.628  
635.363  583.665  
654.943  604.603  
391.428  396.124  
644.284  544.939  
443.133  633.85  
403.078  632.846  
426.266  392.883  
386.175  614.621  
628.08  396.282  
566.84  636.363  
481.632  639.597  
380.993  430.157  
603.248  639.552  
510.481  383.362  
526.043  643.53  
457.846  375.369  
608.395  381.853  
656.887  426.668  
383.574  597.634  
376.9  571.71  
641.202  641.389  
427.113  646.989  
363.858  471.179  
566.562  378.719  
649.566  380.275  
365.122  527.681  
360.75  408.914  
398.542  376.486  
654.845  532.103  
367.583  554.794  
377.67  631.519  
559.41  655.865  
373.654  645.129  
665.79  401.629  
676.07  629.696  
367.071  579.721  
659.326  512.722  
402.814  654.741  
618.047  658.437  
453.412  657.178  
357.708  369.723  
676.557  575.892  
361.248  387.119  
526.356  358.051  
588.282  656.261  
629.923  358.574  
589.027  358.323  
505.103  661.726  
362.632  593.895  
673.4  451.658  
385.479  669.672  
359.081  623.518  
352.187  608.42  
664.292  655.811  
480.873  667.673  
355.29  656.1  
420.806  353.086  
350.177  497.336  
530.921  667.009  
432.455  666.088  
373.439  345.785  
663.232  354.303  
686.56  496.281  
350.821  636.261  
349.557  433.23  
645.505  675.242  
340.267  453.28  
697.94  526.341  
588.878  672.902  
474.798  348.96  
691.427  550.334  
413.222  672.247  
341.247  575.122  
687.699  670.026  
457.019  676.825  
617.447  679.435  
558.759  685.517  
362.082  681.77  
337.301  672.469  
342.264  556.896  
693.536  377.053  
333.23  536.924  
569.004  344.654  
518.507  691.083  
332.622  590.608  
601.959  331.083  
694.519  351.848  
693.195  411.969  
437.358  688.431  
705.236  475.352  
326.717  476.532  
326.254  343.584  
406.078  690.531  
328.181  514.65  
328.127  388.622  
641.232  330.296  
491.283  693.254  
333.846  620.19  
668.633  696.869  
322.409  416.436  
514.254  329.486  
678.727  328.768  
705.737  433.126  
459.719  328.324  
694.694  607.601  
598.596  694.515  
559.024  321.864  
707.539  645.667  
629.1  700.298  
468.352  697.875  
383.09  697.826  
325.6  636.211  
414.304  323.89  
345.232  692.516  
318.915  690.3  
324.59  653.096  
704.598  396.186  
709.764  694.33  
313.13  370.874  
369.071  318.664  
714.07  455.295  
