535.24  511.721  
512.268  533.019  
445.31  481.787  
536.307  482.436  
465.902  518.449  
495.398  477.831  
489.32  562.617  
577.685  547.882  
592.239  495.517  
498.248  450.794  
557.788  448.837  
453.875  451.238  
565.503  585.321  
424.636  539.404  
421.644  576.3  
497.393  605.616  
403.506  503.822  
401.386  432.181  
452.873  415.754  
505.54  413.712  
603.268  430.034  
566.161  384.157  
633.19  466.524  
614.558  522.521  
401.683  601.512  
590.914  615.605  
637.971  580.353  
450.205  630.402  
669.079  541.621  
382.631  389.608  
551.173  642.776  
639.354  395.629  
653.667  436.494  
373.368  608.473  
358.241  457.545  
653.044  617.365  
482.994  369.26  
437.933  383.917  
365.859  521.708  
612.43  648.823  
400.367  658.713  
668.881  497.96  
499.051  648.005  
345.629  550.414  
673.572  659.714  
324.579  632.612  
647.637  361.202  
474.269  674.933  
408.862  349.444  
346.851  417.977  
328.516  484.155  
601.716  335.417  
346.277  348.674  
541.688  685.005  
617.948  688.698  
691.148  377.009  
714.109  580.432  
515.983  335.976  
704.163  426.422  
363.79  689.166  
307.55  579.827  
323.152  696.067  
657.448  322.737  
716.798  465.02  
317.796  380.354  
714.381  613.841  
444.577  316.312  
429.706  697.794  
548.688  322.756  
363.401  321.574  
730.954  682.469  
292.872  505.606  
712.976  319.223  
488.971  722.22  
396.88  720.348  
706.332  728.832  
292.045  411.044  
320.525  307.454  
576.623  721.842  
735.242  504.552  
286.4  443.059  
302.56  335.287  
373.863  286.609  
744.815  645.28  
646.314  733.085  
732.786  384.73  
505.474  293.779  
580.153  288.687  
269.968  671.583  
266.798  728.24  
255.023  533.459  
650.286  276.544  
747.972  542.854  
355.862  754.697  
280.363  337.887  
711.813  268.84  
266.743  284.409  
542.404  763.549  
439.414  274.649  
430.426  765.986  
314.881  268.065  
781.061  718.738  
243.466  465.853  
256.381  361.277  
775.269  440.863  
242.535  633.564  
768.768  323.308  
770.868  379.915  
489.791  761.329  
222.997  582.532  
604.338  781.695  
765.207  274.503  
508.728  250.262  
795.89  625.124  
787.705  487.616  
675.832  779.987  
586.247  244.807  
799.427  582.445  
800.412  770.531  
742.404  792.958  
801.781  535.696  
356.865  243.235  
298.081  795.263  
246.929  316.956  
662.838  233.102  
257.819  238.53  
425.622  245.002  
207.75  374.049  
228.247  418.721  
746.891  230.19  
288.098  233.482  
199.193  756.818  
801.644  243.916  
821.413  678.227  
211.306  233.35  
449.453  212.463  
506.276  814.131  
818.165  298.222  
215.579  280.107  
188.755  482.951  
214.55  321.335  
827.666  358.461  
604.634  210.969  
407.621  826.317  
187.381  648.758  
527.856  203.088  
841.662  422.573  
702.693  199.958  
304.445  206.779  
366.056  209.41  
239.131  829.127  
633.137  828.375  
188.316  697.611  
844.198  476.379  
804.668  832.941  
178.827  522.201  
244.868  188.777  
767.078  188.524  
828.462  212.468  
190.047  186.664  
636.881  189.649  
702.154  840.614  
178.809  328.204  
173.868  432.718  
849.663  733.065  
389.302  179.302  
870.82  530.302  
857.907  652.425  
552.081  859.674  
167.895  394.695  
862.618  791.781  
156.866  278.672  
169.203  818.244  
162.701  234.101  
308.368  171.294  
857.673  266.19  
355.647  866.227  
477.255  170.683  
569.6  166.746  
146.844  587.059  
858.071  174.126  
809.757  172.643  
664.237  163.223  
880.444  581.702  
868.344  618.92  
720.586  150.627  
885.903  847.725  
