534.354  502.67  
492.524  525.294  
498.359  483.047  
524.896  562.252  
558.545  535.794  
467.619  482.184  
475.656  561.391  
565.049  480.392  
521.774  456.095  
445.326  523.66  
586.388  557.926  
454.842  448.147  
561.826  576.019  
479.608  431.396  
437.219  480.911  
554.564  427.625  
433.723  560.085  
494.754  593.904  
592.062  449.253  
600.651  526.606  
598.922  488.566  
451.098  590.24  
600.039  586.13  
560.011  595.061  
509.227  416.885  
436.06  413.591  
412.713  445.723  
413.012  592.663  
526.407  613.683  
404.466  497.21  
598.085  406.377  
399.697  532.193  
451.951  616.736  
620.681  437.202  
594.433  609.825  
565.854  626.155  
635.14  598.697  
390.248  562.496  
627.508  561.462  
405.123  627.985  
630.656  495.589  
383.78  462.108  
607.979  636.151  
397.491  404.993  
487.982  633.297  
475.481  391.557  
530.727  386.861  
635.591  464.05  
628.822  388.909  
575.854  380.268  
423.927  386.045  
644.156  528.286  
653.774  623.621  
442.067  648.67  
360.289  589.616  
445.976  372.922  
652.603  414.51  
543.351  655.877  
501.139  356.553  
371.925  375.135  
362.216  639.225  
360.798  502.26  
364.853  413.058  
637.924  661.689  
496.775  658.301  
405.432  363.105  
610.607  353.505  
670.373  563.336  
662.428  373.206  
666.742  491.762  
403.901  661.553  
672.213  450.381  
347.366  542.294  
358.868  445.984  
670.393  654.222  
465.432  355.33  
594.528  671.127  
544.66  346.536  
362.53  674.878  
458.903  676.071  
642.913  351.269  
431.139  338.508  
691.479  599.297  
338.26  464.707  
350.17  346.194  
671.324  343.899  
685.145  521.5  
585.166  329.295  
330.307  613.307  
508.114  681.473  
686.867  396.666  
417.158  689.643  
335.343  425.745  
318.142  384.342  
390.67  326.779  
687.464  684.365  
621.138  689.956  
554.815  689.665  
707.718  631.464  
638.013  329.718  
648.897  698.453  
474.008  320.684  
703.572  351.807  
312.298  649.608  
325.15  494.37  
314.643  676.341  
703.081  491.735  
591.861  711.447  
341.197  707.46  
703.172  431.08  
479.543  707.372  
336.168  309.277  
691.822  310.337  
715.499  550.844  
711.994  665.234  
711.927  461.69  
532.349  711.605  
385.643  714.096  
516.534  312.345  
676.559  707.809  
308.727  542.067  
558.24  304.601  
305.192  337.702  
624.316  293.609  
658.601  295.884  
301.23  582.657  
710.72  716.536  
301.666  428.309  
289.032  463.665  
431.785  303.252  
721.836  396.889  
305.288  709.48  
370.472  291.136  
729.761  512.009  
446.401  727.688  
286.124  510  
725.978  317.825  
295.734  626.444  
631.797  724.065  
732.808  586.634  
302.09  295.894  
670.573  729.736  
743.82  690.329  
507.874  740.54  
742.583  356.913  
734.091  433.266  
738.203  474.924  
407.861  280.651  
472.149  287.128  
566.896  738.418  
506.637  280.904  
749.373  652.482  
648.18  749.735  
345.705  745.67  
274.951  679.178  
264.55  352.473  
543.113  276.854  
598.953  276.885  
397.365  742.375  
260.109  715.219  
271.506  396.419  
732.808  285.884  
303.37  752.343  
753.947  618.155  
735.088  750.897  
259.432  609.211  
703.874  269.002  
604.156  742.17  
260.429  557.297  
762.538  719.3  
756.544  542.867  
270.128  653.261  
262.332  304.561  
690.663  757.261  
327.445  265.236  
447.13  265.555  
761.334  302.578  
755.234  439.368  
620.798  753.587  
756.73  401.489  
259.866  749.528  
447.049  757.335  
256.025  422.003  
277.576  251.749  
548.823  760.873  
750.846  265.37  
576.326  254.333  
