508.858  511.048  
540.941  530.52  
478.546  495.499  
530.39  481.774  
503.36  540.246  
546.177  507.036  
472.021  526.052  
481.469  553.619  
538.205  560.211  
476.704  461.297  
456.318  547.275  
557.034  442.705  
515.657  445.256  
565.81  499.384  
566.294  572.352  
505.924  574.328  
472.008  580.015  
570.537  526.84  
447.095  521.587  
573.845  477.325  
580.771  544.994  
445.205  476.165  
594.151  507.543  
442.28  569.19  
435.071  498.287  
437.159  449.851  
590.881  486.032  
526.206  591.178  
598.229  567.468  
595.962  454.947  
594.265  594.31  
474.855  428.01  
595.587  419.863  
446.34  597.886  
421.153  547.273  
550.6  600.014  
591.975  527.562  
420.525  583.224  
421.473  522.455  
428.911  412.548  
494.695  612.381  
611.513  545.669  
572.19  611.918  
406.427  480.412  
613.212  467.981  
609.696  525.898  
387.983  454.232  
501.709  414.634  
413.262  613.149  
535.47  405.712  
530.7  621.232  
466.879  617.875  
391.525  508.663  
627.129  487.917  
625.238  587.606  
627.557  614.227  
396.664  565.986  
599.479  630.134  
441.409  623.453  
643.052  437.232  
479.462  403.723  
508.465  395.488  
389.891  590.909  
636.007  560.914  
567.443  389.313  
629.11  517.762  
378.955  536.296  
610.625  385.679  
648.045  395.252  
557.519  642.638  
380.747  622.321  
473.781  368.525  
401.805  648.176  
430.34  645.258  
364.964  424.175  
383.725  391.493  
637.887  644.364  
476.487  643.994  
661.363  463.135  
640.437  536.152  
512.501  640.793  
411.912  379.119  
652.25  504.496  
539.668  369.604  
654.756  600.954  
373.321  652.885  
360.337  568.777  
665.275  579.934  
659.632  529.222  
587.787  655.362  
378.851  357.117  
456.923  670.103  
361.827  602.28  
353.1  487.014  
576.494  356.355  
652.837  365.003  
668.988  625.822  
613.988  667.171  
521.401  664.559  
666.561  480.178  
671.875  554.515  
609.618  359.52  
348.139  638.259  
678.747  654.345  
569.556  674.706  
490.146  679.483  
339.244  392.385  
648.829  673.282  
389.651  673.745  
684.217  423.06  
333.497  510.873  
434.912  343.085  
426.785  678.936  
343.975  673.887  
683.275  514.155  
339.494  542.859  
637.149  343.794  
693.605  396.975  
341.925  351.034  
693.675  366.664  
335.228  455.178  
520.341  336.051  
678.586  340.981  
688.998  488.559  
340.289  590.387  
685.258  602.258  
674.486  689.334  
691.976  536.301  
322.107  606.002  
372.94  695.84  
555.849  329.968  
695.579  442.397  
407.848  325.964  
536.394  697.114  
619.52  692.876  
606.559  323.548  
704.529  617.834  
405.573  700.198  
697.665  579.321  
706.96  669.402  
479.531  321.24  
318.893  568.549  
315.018  422.284  
575.547  698.82  
313.465  661.731  
306.121  321.15  
708.293  556.013  
712.834  642.098  
311.408  475.78  
469.597  713.572  
326.335  702.628  
706.762  328.789  
642.319  709.718  
437.403  708.744  
319.804  633.888  
357.958  306.605  
648.111  316.274  
719.134  473.612  
310.764  366.002  
350.426  706.594  
717.982  452.266  
710.588  695.397  
714.192  502.495  
594.98  711.85  
507.622  718.625  
683.116  312.722  
714.493  593.341  
440.425  304.297  
527.005  301.45  
577.322  306.937  
683.135  718.972  
304.031  541.624  
300.255  687.53  
728.253  527.057  
719.566  348.468  
720.154  303.607  
727.078  377.477  
289.472  441.311  
733.364  423.147  
727.773  723.633  
607.439  727.603  
552.386  731.521  
296.435  708.987  
284.437  516.922  
292.341  388.466  
315.612  723.142  
292.505  584.585  
