515.223  515.592  
503.166  493.252  
492.912  525.555  
536.378  507.453  
473.852  497.273  
536.196  527.848  
534.158  547.148  
530.429  485.292  
490.357  549.384  
469.511  467.665  
464.425  528.466  
498.323  463.992  
530.237  462.65  
558.971  488.973  
558.521  506.705  
568.537  531.577  
491.459  563.423  
462.68  562.939  
564.374  463.837  
574.429  476.932  
542.333  572.837  
435.781  536.247  
448.007  504.329  
548.564  445.804  
592.545  556.486  
516.204  596.61  
483.973  580.797  
436.733  473.46  
588.589  510.974  
594.145  575.093  
447.396  583.394  
457.934  437.449  
425.758  442.092  
584.99  492.764  
591.239  454.91  
485.869  433.119  
571.272  435.759  
583.227  592.678  
515.941  433.546  
428.688  559.862  
424.471  505.676  
550.859  601.613  
606.678  478.187  
482.078  614.435  
608.281  532.913  
602.46  430.697  
427.634  603.052  
538.094  420.187  
434.1  410.653  
571.963  410.134  
612.481  499.218  
397.299  483.034  
498.638  405.538  
464.434  407.113  
589.731  619.989  
619.886  610.889  
394.131  515.573  
624.504  454.607  
623.725  586.264  
398.687  565.268  
601.947  408.733  
398.279  538.936  
399.972  458.265  
409.513  407.708  
637.357  516.869  
533.934  397.891  
424.452  639.877  
392.525  598.917  
629.807  425.196  
470.641  644.166  
642.169  560.443  
557.392  632.711  
386.789  431.125  
523.087  645.45  
622.762  392.15  
635.511  490.88  
632.02  543.985  
622.782  635.642  
380.845  403.295  
419.259  386.421  
546.934  381.535  
585.458  384.602  
383.835  619.898  
391.959  376.349  
443.784  376.03  
474.71  376.479  
643.776  471.73  
506.493  372.129  
651.821  412.976  
655.951  606.176  
376.171  573.639  
653.373  581.334  
655.495  439.978  
653.764  630.215  
601.627  650.357  
364.545  631.224  
365.274  531.776  
664.409  534.69  
397.842  665.488  
367.438  455.285  
655.782  369.596  
562.905  658.115  
614.424  367.35  
632.916  661.833  
360.725  483.915  
558.83  362.01  
663.662  395.915  
662.243  490.071  
673.142  656.216  
363.263  354.671  
354.845  598.244  
358.021  387.249  
662.25  465.733  
411.653  355.528  
352.057  651.156  
504.3  673.257  
581.87  350.839  
352.388  559.8  
354.381  423.658  
435.975  674.663  
531.151  351.543  
470.623  678.928  
636.026  350.784  
684.382  500.628  
603.703  675.747  
463.553  350.825  
573.779  677.785  
440.245  345.084  
698.336  383.97  
688.589  575.683  
502.493  343.706  
686.43  448.038  
348.871  499.053  
370.324  691.268  
335.881  577.015  
689.428  416.206  
669.428  343.516  
667.819  684.144  
388.973  337.952  
474.864  334.974  
685.803  516.8  
538.202  687.26  
334.278  668.176  
602.593  338.94  
689.358  468.883  
699.301  550.507  
334.605  429.671  
695.21  619.933  
335.881  536.666  
687.578  354.715  
699.214  637.329  
330.797  453.08  
333.599  397.808  
334.954  337.004  
703.486  602.148  
635.49  693.441  
329.271  372.961  
551.097  328.185  
326.65  507.298  
468.035  705.524  
328.19  475.659  
650.114  335.496  
416.63  324.758  
704.47  482.415  
707.886  679.491  
505.762  703.225  
627.339  331.523  
423.125  702.121  
322.666  620.913  
607.976  704.582  
531.201  325.365  
691.115  319.327  
457.164  314.417  
309.433  691.789  
317.261  550.808  
513.186  320.525  
572.984  704.085  
715.114  526.128  
373.496  311.502  
309.066  579.171  
485.786  313.748  
669.56  326.802  
573.346  321.908  
712.448  341.702  
614.359  315.227  
643.161  312.912  
436.233  314.275  
