505.357  513.791  
547.39  514.47  
536.474  469.894  
456.718  496.327  
467.379  557.243  
493.103  463.924  
511.79  573.971  
573.305  549.439  
444.212  524.82  
574.484  469.811  
463.44  447.569  
578.015  441.053  
592.464  503.606  
563.042  601  
539.933  430.625  
418.125  481.873  
421.29  589.769  
414.902  553.207  
476.335  610.993  
427.839  431.44  
409.56  456.169  
618.079  472.35  
489.091  416.777  
615.968  576.088  
593.661  403.001  
627.502  432.275  
616  600.677  
616.041  547.952  
441.116  408.704  
388.278  518.39  
406.852  624.939  
403.249  397.629  
629.642  516.255  
546.242  397.02  
539.038  645.453  
620.289  636.929  
647.372  391.733  
380.927  425.834  
487.616  385.097  
471.913  654.226  
436.052  383.745  
373.173  570.822  
662.818  585.68  
361.784  486.393  
668.706  562.241  
669.007  540.469  
346.789  602.73  
357.799  454.042  
647.124  604.953  
384.089  648.281  
371.073  377.805  
668.647  480.947  
684.472  505.145  
661.286  627.718  
547.549  364.689  
579.05  657.65  
662.682  457.169  
599.187  363.631  
353.417  395.443  
643.43  354.65  
385.69  362.797  
416.944  359.409  
430.697  662.99  
342.284  543.563  
460.719  359.711  
331.715  661.083  
683.243  412.804  
664.28  671.686  
608.823  681.047  
512.892  345.177  
687.585  607.967  
533.664  697.057  
404.333  675.932  
345.743  351.913  
332.763  513.01  
688.591  656.334  
678.088  329.455  
338.162  422.219  
587.623  330.887  
701.318  435.816  
384.214  323.596  
705.003  364.252  
463.47  331.528  
444.219  687.103  
322.676  572.242  
424.379  323.126  
690.258  698.472  
701.151  629.199  
382.871  706.592  
560.487  316.139  
709.672  390.225  
631.884  317.402  
717.759  580.827  
319.792  440.064  
634.066  715.382  
317.916  322.676  
315.419  474.437  
724.553  329.425  
313.105  397.044  
512.752  309.659  
484.445  724.002  
423.799  708.813  
302.08  360.11  
715.897  550.397  
360.098  299.574  
730.322  468.325  
725.716  524.094  
728.776  676.925  
327.086  717.026  
722.242  648.513  
584.519  724.395  
299.677  500.303  
730.612  444.433  
285.144  705.367  
474.73  300.354  
727.731  288.259  
295.094  532.66  
730.284  614.132  
729.653  708.356  
287.128  445.048  
286.534  555.233  
658.668  281.368  
283.752  615.678  
714.601  742.265  
281.959  584.588  
339.477  277.466  
607.272  287.737  
670.292  739.219  
441.61  283.853  
746.677  493.49  
291.359  295.429  
696.455  280.982  
734.603  412.203  
564.645  278.46  
356.267  750.454  
745.741  394.756  
423.724  750.324  
280.804  410.047  
754.523  360.543  
753.12  550.582  
393.585  272.904  
262.384  649.049  
275.396  482.697  
271.339  327.725  
570.22  760.082  
759.856  692.921  
281.224  749.718  
760.865  430.713  
512.153  268.088  
775.996  716.254  
257.79  376.984  
755.706  603.784  
754.48  750.69  
758.045  638.648  
616.681  757.687  
259.84  522.775  
495.543  770.586  
318.848  258.725  
764.831  317.643  
765.482  284.818  
761.949  581.364  
636.085  251.419  
249.302  289.855  
295.678  255.608  
772.036  667.731  
774.839  509.988  
431.264  252.141  
608.007  255.74  
766.527  262.146  
488.121  241.979  
648.109  764.097  
562.995  248.553  
775.904  456.171  
245.514  690.704  
245.02  262.863  
780.943  406.306  
743.211  235.781  
238.688  565.99  
247.216  476.114  
242.266  426.954  
701.036  231.807  
777.335  378.908  
685.31  776.59  
773.339  778.883  
787.759  527.48  
794.155  478.973  
790.36  562.76  
