494.653  502.072  
535.913  510.891  
501.48  533.965  
531.497  479.449  
538.287  534.831  
459.298  516.314  
479.257  468.29  
522.516  560.276  
500.371  467.08  
470.758  557.362  
449.856  484.278  
556.24  560.705  
567.921  499.709  
579.454  538.037  
452.43  539.708  
494.065  573.51  
577.66  460.556  
512.583  443.614  
446.52  444.572  
546.742  439.542  
568.519  588.374  
529.205  594.517  
436.372  564.214  
481.432  430.333  
471.008  597.268  
608.982  568.15  
599.931  501.809  
592.031  429.091  
611.48  468.794  
424.857  591.981  
417.498  529.943  
420.136  460.416  
429.714  418.577  
599.1  605.767  
417.014  505.143  
559.765  410.86  
434.992  612.683  
513.615  407.724  
401.184  557.896  
402.395  475.162  
473.031  405.173  
621.021  529.112  
501.506  622.665  
570.957  618.545  
627.098  445.043  
608.048  400.08  
396.012  615.33  
632.374  421.774  
626.017  616.059  
537.184  626.843  
385.855  583.968  
389.079  437.055  
647.795  577.996  
382.344  406.193  
642.832  485.848  
439.396  388.032  
456.51  639.793  
387.793  510.906  
417.7  639.772  
582.783  649.383  
526.03  382.354  
569.03  382.312  
667.451  390.953  
624.94  646.303  
547.896  646.822  
478.961  375.435  
386.924  646.72  
636.125  375.19  
376.445  471.696  
477.004  654.24  
650.16  545.739  
397.283  372.94  
654.914  516.255  
512.516  658.386  
368.958  542.982  
595.982  367.873  
357.534  630.394  
665.334  429.917  
670.482  609.847  
358.224  606.979  
641.37  663.869  
672.921  459.548  
363.534  664.974  
352.01  490.407  
671.989  634.404  
354.249  518.379  
350.682  386.261  
409.708  672.284  
440.532  352.794  
356.821  457.305  
499.686  354.529  
539.424  348.855  
352.801  582.79  
625.204  352.061  
347.078  355.605  
663.219  334.634  
693.761  357.814  
548.025  675.947  
387.837  349.601  
669.626  668.366  
339.163  426.604  
684.964  533.803  
578.462  342.291  
452.92  688.119  
344.253  550.872  
687.661  489.643  
689.774  575.546  
481.005  681.391  
590.072  687.825  
695.615  642.821  
504.985  693.267  
494.415  335.561  
699.486  675.01  
421.71  693.828  
630.627  693.444  
326.045  678.432  
329.712  648.511  
358.921  328.585  
315.404  454.154  
666.001  697.828  
359.562  699.2  
324.25  489.851  
324.888  566.368  
617.426  319.38  
697.546  422.862  
319.36  596.505  
448.576  319.75  
318.936  532.855  
399.734  317.146  
546.325  697.682  
317.34  628.388  
703.881  452.346  
525.048  309.811  
314.898  386.663  
711.948  604.547  
387.223  713.153  
315.656  349.85  
313.115  315.302  
595.472  712.311  
708.134  327.795  
318.945  711.059  
702.927  709.591  
485.571  302.471  
554.316  316.633  
581.644  311.693  
716.609  496.333  
476.119  713.391  
520.604  714.597  
721.532  387.609  
727.947  529.404  
644.221  719.637  
428.226  724.426  
296.454  415.201  
353.685  300.536  
691.688  303.269  
735.942  460.402  
729.543  562.661  
294.924  663.017  
736.203  419.443  
726.834  635.487  
549.589  721.975  
651.789  294.801  
732.017  309.318  
610.385  727.06  
294.021  486.753  
290.075  568.167  
285.97  526.89  
740.257  353.471  
734.459  672.002  
351.602  740.046  
285.307  699.999  
284.859  635.637  
566.419  738.393  
282.427  603.618  
419.796  292.96  
548.716  288.295  
712.324  739.013  
279.713  375.047  
661.811  750.675  
509.5  739.196  
598.672  283.652  
463.76  734.731  
394.238  743.094  
306.161  742.978  
279.2  345.462  
327.979  280.966  
291.939  280.099  
