526.515  540.045  
485.305  488.766  
517.251  484.996  
479.065  522.012  
563.834  540.411  
586.185  515.029  
499.684  441.04  
460.213  549.301  
561.118  465.71  
529.526  584.426  
573.801  589.004  
456.968  448.221  
424.409  458.18  
516.422  607.207  
479.127  600.742  
538.65  429.032  
588.334  440.556  
424.471  497.461  
425.1  578.085  
406  533.447  
615.983  590.65  
614.46  489.646  
409.947  414.335  
441.907  414.134  
619.175  421.78  
443.027  619.542  
524.94  386.34  
487.601  382.758  
636.167  567.583  
597.506  631.724  
448.727  383.004  
395.847  611.919  
644.753  639.305  
545.647  367.556  
648.073  527.943  
570.809  644.356  
355.591  539.869  
375.524  440.144  
636.124  465.891  
370.456  475.575  
492.145  651.523  
389.7  368.571  
593.765  369.539  
526.417  659.1  
353.887  382.735  
669.389  502.872  
423.328  664.078  
637.069  374.104  
442.681  648.531  
376.242  647.397  
659.651  417.588  
339.051  589.601  
566.17  675.875  
671.13  603.162  
629.713  668.519  
471.929  670.022  
674.05  449.353  
675.33  477.117  
680.272  565.936  
673.714  359.162  
692.475  642.987  
321.374  475.735  
369.147  679.689  
396.144  326.667  
324.381  548.444  
628.067  318.413  
690.107  410.233  
325.87  615.431  
480.179  325.096  
329.427  313.777  
446.38  332.654  
615.793  701.35  
689.92  674.509  
432.344  711.649  
665.365  700.993  
575.553  304.212  
529.328  704.581  
346.36  694.066  
313.118  395.492  
707.711  537.139  
306.104  426.544  
525.276  314.111  
474.713  703.291  
719.206  453.07  
702.152  335.14  
712.665  607.467  
298.218  625.277  
565.958  703.646  
665.047  289.514  
724.775  503.24  
718.247  701.718  
720.108  581.074  
298.675  342.735  
733.065  407.239  
309.155  715.335  
283.133  654.402  
411.891  285.638  
740.241  646.246  
594.172  727.434  
371.484  739.095  
738.572  349.805  
708.67  731.678  
421.892  745.876  
707.011  275.288  
756.504  696.86  
277.262  482.616  
539.034  748.022  
495.788  742.859  
515.058  272.034  
681.445  747.739  
645.537  746.112  
275.11  570.615  
471.3  270.893  
758.228  739.135  
351.643  272.403  
262.984  536.342  
260.62  291.777  
257.53  502.041  
262.867  348.54  
270.847  714.688  
750.467  555.16  
252.29  421.027  
758.71  496.27  
585.899  769.729  
318.513  762.647  
744.948  276.1  
261.878  256.613  
763.288  324.9  
760.268  589.673  
585.885  260.962  
617.308  234.642  
782.34  411.447  
240.146  653.972  
776.17  626.905  
626.385  774.396  
373.757  778.732  
238.263  369.989  
294.922  249.984  
732.156  762.676  
268.635  752.939  
478.898  768.984  
427.149  233.68  
765.732  466.322  
533.049  246.024  
774.203  532.253  
745.685  241.585  
423.582  787.1  
229.284  571.345  
543.883  789.594  
385.802  233.14  
790.454  381.042  
792.28  678.331  
766.916  789.201  
230.839  451.3  
802.328  292.301  
698.601  791.593  
221.217  748.886  
207.175  588.959  
348.108  228.036  
653.691  210.563  
208.621  283.709  
785.837  237.359  
792.178  452.007  
674.17  803.284  
308.765  218.682  
803.581  600.04  
272.415  804.173  
218.371  530.578  
794.088  555.462  
220.335  679.845  
473.878  205.592  
791.878  481.485  
738.685  804.082  
479.047  810.417  
805.818  512.924  
802.796  775.792  
803.234  741.868  
565.397  226.054  
692.667  202.149  
367.209  809.484  
814.114  355.65  
203.588  482.685  
328.646  812.968  
519.107  808.372  
804.986  804.19  
192.319  219.938  
209.775  785.274  
