552.688  548.456  
471.295  497.345  
501.091  569.266  
506.005  457.186  
549.803  484.022  
443.664  547.524  
590.966  467.129  
467.028  408.753  
552.016  418.982  
423.773  438.1  
630.537  542.427  
424.975  610.252  
561.422  640.855  
402.93  491.816  
618.938  606.934  
486.547  641.623  
599.46  401.859  
392.524  543.49  
509.421  375.05  
653.195  473.841  
387.27  385.784  
423.314  368.854  
654.891  378.235  
366.627  436.415  
377.811  649.987  
356.678  574.857  
560.769  343.648  
643.236  675.139  
433.539  699.073  
697.148  622.316  
614.817  314.352  
688.206  438.579  
339.759  497.774  
328.751  358.51  
465.337  306.155  
337.947  636.327  
370.878  324.499  
424.496  318.573  
364.964  713.966  
727.033  690.348  
321.961  427.647  
522.801  719.532  
704.021  355.974  
703.227  564.165  
601.757  722.182  
665.95  308.016  
512.77  288.35  
721.827  513.254  
728.697  431.087  
306.291  546.45  
317.568  280.464  
682.862  734.597  
301.908  681.222  
290.679  613.104  
712.25  296.099  
296.668  471.094  
394.522  274.665  
322.252  757.243  
567.8  268.465  
745.476  607.911  
280.821  381.415  
764.1  372.207  
273.465  304.878  
266.295  509.057  
253.862  699.662  
264.804  440.912  
479.509  773.279  
759.113  755.223  
774.605  580.376  
348.969  244.216  
770.924  299.762  
657.079  252.703  
578.195  781.538  
739.325  251.847  
245.118  550.176  
239.492  624.28  
777.567  662.334  
772.279  525.664  
274.625  246.683  
405.973  790.328  
258.024  774.617  
426.138  233.6  
632.772  777.087  
778.892  466.048  
684.884  788.989  
229.478  380.773  
607.581  224.262  
239.013  310.163  
744.515  801.754  
527.378  224.811  
687.295  215.805  
800.963  252.265  
221.486  218.172  
478.051  210.076  
220.346  468.616  
810.058  734.857  
818.501  640.606  
768.192  200.139  
808.282  806.915  
203.518  714.175  
317.208  820.313  
822.645  356.443  
377.788  209.95  
568.681  829.955  
833.916  510.11  
211.706  791.781  
820.088  430.271  
284.261  203.87  
198.409  543.386  
560.318  187.111  
724.278  202.146  
183.333  626.713  
842.792  590.92  
173.776  282.854  
698.875  851.421  
638.959  840.897  
498.859  843.443  
834.634  697.753  
386.017  854.815  
843.43  303.906  
265.788  844.867  
823.32  194.061  
639.331  171.714  
194.288  404.851  
330.724  180.661  
433.589  160.404  
755.765  855.413  
212.63  859.907  
169.699  742.17  
172.761  422.593  
844.816  240.228  
164.624  359.625  
161.411  477.044  
385.176  151.221  
169.163  795.138  
858.567  792.991  
518.868  150.508  
443  867.055  
869.657  426.216  
821.264  876.356  
862.302  843.757  
696.99  154.876  
149.463  558.128  
208.57  139.83  
163.104  199.263  
280.856  140.646  
141.111  662.282  
595.175  155.624  
879.101  197.644  
881.725  677.874  
875.849  751.862  
798.729  141.129  
857.455  146.292  
344.775  890.333  
173.679  891.566  
141.389  158.629  
745.136  136.941  
895.406  369.182  
580.799  893.752  
895.332  269.949  
891.717  574.831  
627.39  894.062  
113.23  810.058  
473.438  132.414  
899.043  500.251  
887.759  888.128  
704.089  917.537  
331.049  109.739  
565.476  119.354  
656.781  115.558  
115.026  733.955  
130.728  226.334  
914.546  634.93  
489.09  913.919  
298.642  924.734  
122.288  413.715  
912.185  726.821  
106.624  483.679  
911.858  816.907  
539.516  919.507  
901.708  133.06  
796.115  931.985  
118.102  888.893  
610.049  108.192  
936.247  324.832  
108.005  336.225  
104.018  602.857  
