509.046  523.651  
487.293  488.929  
528.142  490.441  
530.941  548.321  
559.095  511.251  
463.827  524.64  
554.274  471.997  
480.392  570.798  
515.753  455.583  
571.211  544.53  
473.587  463.267  
566.417  581.288  
446.472  554.082  
445.931  476.507  
522.455  594.025  
581.742  485.328  
482.672  447.913  
581.34  458.583  
553.782  439.738  
465.985  444.105  
429.256  437.018  
434.601  589.276  
604.354  517.94  
578.819  427.835  
602.682  571.917  
422.678  511.489  
503.765  426.688  
460.367  608.213  
603.11  601.761  
471.488  427.682  
608.651  439.018  
532.634  409.354  
606.605  549.938  
621.134  474.115  
415.62  547.017  
455.01  411.037  
496.278  631.702  
401.074  574.543  
408.391  471.209  
612.918  412.842  
398.062  609.311  
416.727  401.441  
563.103  622.495  
493.978  390.185  
560.704  397.388  
429.152  622.202  
594.873  638.319  
639.662  553.123  
384.653  517.469  
384.658  450.836  
593.527  389.466  
632.207  588.456  
631.999  624.388  
383.81  486.999  
384.986  550.134  
374.011  428.336  
542.414  647.467  
457.971  382.396  
641.499  430.224  
623.64  376.241  
649.751  400.102  
377.196  402.784  
443.361  654.508  
391.966  373.671  
479.829  657.89  
375.078  632.335  
659.368  530.734  
405.458  648.695  
657.798  495.334  
527.699  366.908  
656.594  594.989  
657.215  636.183  
562.227  365.142  
360.745  605.184  
365.986  577.211  
643.667  664.102  
441.986  356.288  
662.975  457.056  
358.87  647.505  
645.114  353.205  
572.115  671.18  
671.955  379.081  
354.778  531.26  
598.43  356.889  
667.49  429.123  
520.485  675.512  
339.693  497.004  
347.546  390.767  
357.009  471.701  
358.674  558.248  
415.129  674.164  
616.682  678.252  
490.953  349.235  
681.226  570.817  
377.951  686.18  
352.985  453.059  
350.278  349.245  
681.905  609.633  
679.455  657.887  
394.277  341.264  
337.137  669.343  
547.757  676.963  
680.402  632.744  
685.524  346.383  
681.095  406.05  
693.152  478.333  
567.087  335.111  
695.264  515.539  
690.259  680.199  
474.057  693.712  
329.924  432.42  
329.544  590.486  
333.279  558.54  
659.169  697.12  
695.24  439.946  
447.119  697.351  
530.666  327.87  
605.16  327.979  
669.391  324.277  
596.402  703.716  
330.304  619.276  
319.626  462.94  
699.36  369.935  
324.311  359.671  
706.257  550.141  
549.458  709.989  
506.819  707.58  
445.194  318.309  
321.842  641.092  
320.101  530.586  
321.322  326.014  
417.233  719.371  
341.535  712.592  
496.555  316.677  
637.548  311.167  
702.697  398.606  
311.548  690.798  
378.642  306.469  
710.809  591.588  
709.917  634.045  
309.778  395.013  
709.773  314.575  
722.13  425.52  
687.271  716.69  
725.114  693.689  
639.3  720.846  
726.931  349.068  
559.196  305.046  
735.135  657.42  
723.103  386.803  
286.503  613.735  
300.485  563.981  
296.145  655.2  
299.542  481.708  
714.466  722.968  
721.382  477.724  
305.333  727.289  
290.44  508.081  
595.889  294.157  
340.317  293.487  
369.568  733.863  
679.657  286.689  
739.347  458.476  
472.648  730.18  
523.229  287.008  
304.074  291.784  
737.91  519.021  
291.58  434.332  
283.524  355.41  
578.742  734.923  
483.031  287.899  
746.211  491.667  
280.297  316.027  
742.357  620.057  
518.138  737.631  
743.068  545.742  
738.875  569.865  
442.502  282.419  
260.345  535.097  
731.594  286.04  
739.14  594.03  
628.21  744.034  
265.908  709.54  
267.799  669.995  
274.645  458.754  
750.054  724.652  
675.364  740.452  
