517.951  539.771  
493.56  492.661  
534.909  468.822  
462.295  531.867  
561.443  500.514  
558.38  567.699  
455.032  466.083  
585.253  533.051  
465.225  591.826  
498.926  432.438  
584.878  455.407  
426.058  566.012  
522.214  603.259  
543.001  417.705  
573.919  607.971  
418.946  502.754  
610.845  488.116  
606.09  571.594  
414.696  435.182  
581.715  412.476  
455.875  388.278  
394.592  612.257  
396.261  546.992  
621.72  614.771  
485.336  642.751  
625.728  408.332  
638.358  442.831  
641.508  527.935  
408.921  374.256  
503.204  381.989  
616.537  378.493  
651.978  569.211  
542.537  652.257  
593.81  644.919  
372.03  470.891  
433.642  657.341  
377.341  523.252  
373.607  400.333  
582.436  359.627  
666.416  487.235  
630.907  659.791  
541.903  350.838  
668.052  358.811  
660.614  408.163  
658.62  630.571  
372.917  661.746  
351.291  577.796  
667.683  599.784  
361.609  350.128  
343.855  436.679  
646.446  334.623  
684.626  655.545  
577.24  676.682  
350.383  527.495  
492.943  689.365  
486.346  327.259  
691.178  452.972  
330.46  631.472  
431.328  325.244  
691.489  384.063  
324.711  388.544  
607.554  322.405  
703.35  600.273  
638.966  697.876  
380.558  696.59  
699.516  514.057  
703.175  420.95  
586.557  707.867  
700.456  550.043  
322.641  676.642  
326.722  488.212  
392.42  313.7  
537.126  714.003  
322.069  547.343  
426.347  715.102  
705.332  682.789  
706.69  344.083  
345.529  303.884  
526.506  290.864  
683.743  301.78  
306.566  514.038  
572.44  304.117  
305.335  592.939  
339.128  722.314  
295.926  344.439  
734.483  482.403  
299.646  435.318  
299.816  718.286  
717.105  309.647  
648.058  728.83  
638.195  286.498  
731.428  387.611  
701.775  732.564  
302.826  289.233  
732.186  625.718  
599.701  732.783  
452.309  274.264  
747.845  686.777  
734.601  442.453  
470.976  735.718  
746.846  519.057  
280.453  554.042  
286.499  479.224  
745.004  561.736  
365.929  751.977  
276.115  636.005  
278.882  676.053  
752.079  288.495  
753.098  345.029  
407.794  258.067  
603.196  276.854  
696.915  270.238  
269.368  395.109  
730.732  745.937  
763.491  639.64  
492.985  249.981  
563.634  258.737  
760.746  594.843  
279.44  748.073  
260.561  506.091  
729.918  254.469  
499.425  765.814  
260.04  299.56  
370.35  246.516  
552.41  765.684  
314.689  764.362  
263.973  599.472  
754.215  420.847  
259.262  447.645  
660.544  241.105  
753.136  755.174  
416.846  774.516  
253.967  709.744  
782.455  448.482  
633.548  764.408  
589.684  770.686  
272.72  239.045  
325.066  242.252  
773.585  710.788  
250.946  761.149  
237.9  349.128  
779.286  396.082  
613.128  232.05  
785.293  488.867  
669.491  786.868  
766.982  228.025  
775.798  776.441  
231.883  578.06  
789.052  305.098  
234.903  662.289  
795.686  523.062  
803.137  649.22  
264.137  794.795  
233.452  623.582  
227.077  533.747  
792.602  263.12  
795.799  559.017  
524.119  234.336  
708.148  803.674  
347.499  797.635  
705.634  218.796  
225.332  405.387  
796.421  689.046  
799.972  350.806  
451.045  808.706  
801.564  602.746  
222.944  244.777  
226.702  736.294  
221.907  455.127  
802.748  726.582  
611.208  802.374  
301.063  807.596  
571.236  209.032  
444.087  199.748  
557.983  807.116  
504.765  817.692  
213.321  302.12  
212.416  493.094  
802.067  226.826  
215.665  786.379  
809.065  788.299  
824.421  417.806  
747.17  826.869  
337.698  196.555  
204.615  693.542  
228.905  173.478  
526.801  194.969  
