510.618  501.675  
525.081  545.959  
488.157  529.241  
540.31  508.966  
467.86  483.672  
503.175  471.816  
553.023  476.415  
518.526  453.539  
562.027  542.999  
449.44  542.342  
554.425  580.128  
576.517  512.256  
490.905  584.977  
459.316  435.092  
543.77  435.977  
589.063  434.016  
582.687  591.807  
534.641  613.03  
420.81  429.751  
587.695  477.336  
429.815  489.946  
490.522  432.708  
592.398  558.116  
444.834  605.39  
623.065  526.811  
500.998  400.153  
401.933  564.399  
397.748  506.791  
612.803  587.697  
605.923  619.814  
457.694  392.28  
638.66  468.414  
502.213  641.871  
400.214  626.364  
540.838  386.563  
582.531  642.397  
385.589  442.373  
642.436  581.889  
589.019  381.199  
632.487  402.988  
639.491  629.675  
414.705  355.981  
383.091  373.675  
470.854  665.746  
436.082  664.406  
355.73  526.456  
359.922  585.139  
662.161  363.89  
452.754  321.829  
633.01  677.585  
356.29  637.502  
353.84  470.137  
505.301  342.249  
613.96  337.996  
668.121  421.309  
388.472  678.513  
681.799  515.121  
549.148  668.412  
554.795  327.579  
350.406  387.726  
681.918  561.648  
680.506  616.124  
678.054  666.782  
353.324  329.729  
322.685  421.524  
351.395  693.734  
695.376  461.866  
424.529  699.702  
590.571  698.518  
537.776  691.847  
517.472  720.974  
703.564  409.839  
321.734  552.718  
319.005  601.74  
327.749  326.168  
378.688  304.374  
704.842  336.545  
710.072  367.89  
675.683  719.87  
469.834  721.044  
310.229  651.634  
658.362  298.312  
309.533  480.649  
305.462  363.941  
564.596  730.946  
717.618  591.602  
722.033  676.125  
715.392  636.059  
720.499  711.696  
304.504  711.252  
701.687  293.033  
725.912  540.589  
586.184  294.597  
299.653  312.812  
409.371  274.175  
638.509  734.095  
520.707  299.455  
405.406  734.8  
285.946  515.083  
732.706  487.462  
486.704  289.095  
616.654  281.445  
278.744  565.765  
736.992  434.106  
739.364  322.689  
353.05  734.397  
275.331  420.958  
453.191  762.132  
276.806  614.303  
328.171  272.897  
742.829  388.216  
721.766  751.961  
615.667  759.208  
551.71  253.445  
734.201  259.349  
748.677  645.784  
269.736  659.016  
298.926  254.279  
271.835  731.381  
758.707  581.082  
259.294  307.405  
326.58  769.855  
274.236  260.624  
374.359  761.69  
762.62  725.752  
264.202  466.379  
259.867  361.859  
513.931  257.799  
347.481  250.535  
772.987  518.806  
588.814  777  
766.939  465.545  
257.38  689.651  
690.983  778.961  
513.955  785.418  
766.473  377.697  
767.721  684.445  
776.37  286.737  
241.535  514.713  
376.214  233.083  
776.112  770.615  
234.252  738.553  
678.085  248.362  
774.04  337.545  
785.815  429.278  
295.758  791.309  
559.794  784.39  
430.325  220.573  
594.271  245.497  
635.935  235.327  
477.255  247.177  
787.564  637.939  
422.773  796.352  
246.667  608.052  
236.151  471.469  
662.786  796.945  
238.896  559.477  
228.421  224.04  
738.982  791.353  
255.275  790.392  
230.268  384.446  
226.739  638.914  
790.801  236.948  
390.553  796.595  
232.533  428.536  
707.213  219.831  
809.318  579.522  
359.983  804.813  
218.041  681.564  
568.591  211.613  
640.248  820.393  
223.956  326.155  
754.016  210.943  
795.799  378.395  
796.925  700.227  
305.447  204.992  
797.98  481.737  
214.86  269.556  
800.905  732.335  
460.09  211.377  
488.524  205.892  
807.235  326.007  
609.933  814.519  
212.952  572.422  
478.472  828.193  
242.339  820.895  
515.679  204.252  
