521.047  506.079  
493.807  525.254  
474.045  491.641  
523.089  550.992  
551.174  542.65  
487.568  471.413  
528.863  473.622  
569.157  512.067  
493.312  566.456  
461.273  519.166  
568.059  468.018  
451.88  552.379  
494.976  435.362  
445.722  444.258  
531.878  437.49  
559.171  582.338  
592.144  569.097  
529.665  589.754  
433.621  475.466  
469.478  595.799  
567.007  421.735  
425.029  573.449  
594.115  460.043  
431.179  516.891  
455.841  405.543  
609.856  505.305  
594.667  615.473  
598.885  412.443  
505.836  609.682  
437.008  609.405  
408.97  529.848  
618.679  550.573  
407.161  489.885  
556.255  614.604  
533.002  392.21  
415.21  399.867  
397.268  443.578  
623.681  466.746  
495.039  385.373  
399.407  608.773  
631.3  605.526  
538.484  642.092  
388.865  574.274  
484.204  641.468  
391.307  544.594  
642.393  418.407  
440.044  647.968  
371.418  396.15  
582.723  650.905  
389.533  641.601  
620.884  364.014  
556.365  358.619  
639.389  660.013  
647.127  521.226  
373.944  476.27  
589.156  349.389  
653.87  571.633  
615.895  665.224  
649.189  480.569  
362.823  504.441  
381.359  355.807  
448.015  361.513  
365.387  546.501  
646.256  341.73  
360.763  583.11  
657.365  620.267  
357.049  430.649  
660.775  667.688  
674.976  395.677  
351.035  648.434  
351.331  610.771  
411.823  345.781  
398.763  686.565  
668.381  461.348  
477.06  681.03  
437.74  684.693  
671.102  511.871  
527.824  684.825  
568.367  683  
478.974  344.906  
676.294  556.48  
684.637  647.103  
512.277  333.557  
343.074  339.564  
674.842  598.455  
338.033  524.007  
358.756  688.144  
674.348  315.969  
334.153  439.506  
691.022  526.335  
599.38  695.59  
323.805  372.077  
693.338  485.019  
697.38  676.916  
318.395  659.729  
438.116  315.875  
698.595  448.686  
689.036  616.584  
325.348  551.42  
312.864  464.971  
706.624  596.605  
308.179  573.741  
710.642  362.565  
632.298  710.825  
709.07  551.537  
656.889  714.569  
310.109  611.329  
701.886  699.806  
379.093  297.847  
607.431  310.998  
350.695  715.936  
348.687  301.494  
680.895  711.69  
395.977  723.935  
708.355  410.882  
513.921  715.875  
318.07  699.194  
537.694  303.363  
472.443  309.016  
308.944  300.091  
709.866  629.067  
570.552  723.163  
716.086  312.055  
723.258  503.607  
480.267  728.807  
441.23  719.067  
293.98  503.33  
303.907  411.619  
565.426  295.833  
724.471  653.526  
410.153  282.554  
719.798  721.439  
306.919  725.463  
611.066  739.059  
730.366  446.503  
733.681  583.434  
486.49  281.703  
583.177  278.016  
629.934  283.261  
283.045  656.065  
733.098  689.851  
556.477  749.959  
342.722  750.308  
282.007  691.037  
740.589  479.439  
286.319  330.425  
280.98  373.513  
512.25  266.594  
740.678  406.651  
737.345  626.748  
748.84  540.334  
273.961  609.55  
743.054  292.771  
692.812  742.228  
692.072  262.217  
449.633  749.97  
381.095  754.972  
748.578  359.903  
267.83  275.685  
311.448  762.3  
268.768  724.662  
271.326  416.347  
449.411  262.068  
327.251  262.218  
524.787  763.261  
266.333  522.188  
751.352  324.484  
724.557  748.095  
756.758  730.366  
646.905  765.921  
754.943  662.76  
670.963  753.938  
259.583  562.142  
722.4  254.016  
758.048  606.062  
257.459  461.183  
666.87  252.943  
590.541  244.774  
768.404  451.558  
769.53  574.823  
762.056  697.974  
760.937  761.704  
423.302  769.208  
547.681  252.109  
639.189  242.594  
603.276  782.439  
766.214  633.844  
