514.256  527.387  
514.834  486.95  
470.045  517.09  
560.684  494.626  
539.828  554.526  
482.53  477.723  
469.67  557.152  
571.303  523.582  
534.805  449.927  
575.329  455.872  
501.072  583.126  
446.371  479.626  
568.418  565.933  
486.986  442.188  
445.105  441.251  
425.003  542.094  
441.198  592.522  
424.82  510.288  
534.474  603.961  
606.444  559.095  
584.549  608.416  
600.597  421.948  
400.46  572.493  
510.998  416.363  
630.293  467.458  
623.354  516.15  
401.64  463.224  
553.977  400.318  
406.193  425.522  
471.036  621.291  
396.152  497.103  
462.652  412.445  
380.234  612.394  
640.757  598.389  
427.278  392.379  
474.813  393.091  
627.898  394.413  
503.64  645.429  
429.725  632.14  
548.473  632.139  
376.768  408.478  
385.098  539.019  
517.917  381.103  
612.086  640.765  
588.23  382.516  
661.757  411.916  
655.182  633.564  
366.202  522.355  
373.47  380.643  
618.854  367.781  
677.428  552.766  
588.293  656.822  
411.255  658.074  
357.749  447.301  
370.417  656.805  
356.517  484.268  
494.544  371.025  
439.855  359.126  
545.277  664.221  
462.826  670.701  
351.823  557.979  
671.395  355.539  
473.065  358.123  
564.072  356.303  
400.638  356.286  
677.901  495.05  
631.963  675.86  
688.045  647.84  
333.48  633.107  
527.061  346.333  
613.525  336.016  
341.69  364.294  
323.172  592.637  
334.447  423.391  
431.757  685.288  
693.343  435.245  
362.906  338.354  
333.627  396.488  
320.296  510.218  
498.482  697.58  
315.701  668.952  
388.432  694.686  
494.061  330.395  
685.209  699.657  
548.028  699.818  
340.936  696.838  
583.671  712.549  
312.101  474.248  
727.921  585.093  
304.274  544.719  
450.332  322.35  
403.124  324.129  
321.754  334.004  
710.699  386.426  
673.897  310.505  
570.339  315.185  
622.35  708.304  
714.713  470.817  
292.854  445.898  
530.42  317.954  
442.033  718.608  
725.871  336.915  
354.056  307.854  
300.576  367.997  
737.608  652.607  
287.845  404.432  
732.055  521.19  
623.719  295.112  
281.78  700.253  
315.841  296.993  
737.422  290.265  
376.519  730.362  
509.624  295.338  
551.253  292.652  
324.04  729.378  
279.551  313.102  
430.166  292.636  
474.514  288.226  
630.472  750.234  
385.45  293.162  
277.698  632.03  
738.855  421.856  
686.777  758.68  
494.129  734.511  
752.053  715.729  
270.605  584.907  
537.538  741.054  
273.07  343.287  
698.745  274.101  
761.823  467.684  
598.82  267.708  
266.806  509.636  
279.43  749.704  
755.634  370.03  
417.467  752.689  
284.38  282.143  
345.364  269.196  
661.266  254.912  
474.13  761.53  
529.693  262.475  
577.322  769.172  
396.72  263.625  
251.659  476.106  
244.845  665.737  
305.787  266.705  
736.566  784.718  
351.713  765.423  
442.936  255.679  
786.347  601.833  
242.388  547.416  
561.892  257.317  
780.112  544.521  
245.863  373.23  
777.611  307.941  
496.811  250.391  
745.265  251.458  
779.55  669.261  
520.531  769.596  
271.659  258.849  
243.816  287.838  
789.248  503.11  
783.265  406.663  
233.027  437.54  
241.601  405.986  
228.053  705.043  
796.385  755.36  
798.156  259.605  
361.503  236.383  
598.947  231.679  
408.606  786.291  
256.199  790.245  
229.41  321.043  
237.262  255.42  
316.864  235.84  
225.576  629.331  
456.924  795.859  
314.249  796.43  
715.142  229.253  
799.185  340.825  
786.442  232.922  
471.617  228.829  
400.6  227.486  
791.527  816.153  
214.778  747.416  
210.411  351.576  
278.993  227.44  
519.174  805.136  
