525.745  515.022  
493.229  509.561  
499.962  538.531  
504.98  490.473  
543.348  480.339  
481.718  534.758  
485.904  474.322  
541.823  547.75  
505.111  565.712  
462.781  511.669  
561.227  518.573  
465.214  478.838  
512.862  452.987  
459.634  552.91  
478.549  561.921  
563.85  574.875  
457.037  451.934  
579.899  454.174  
589.331  490.765  
478.046  437.357  
544.988  438.168  
520.749  589.12  
438.326  482.798  
596.552  531.823  
477.808  593.776  
441.783  584.765  
432.044  549.508  
431.325  447.523  
420.524  514.105  
576.498  422.211  
578.296  606.114  
438.455  421.083  
610.94  578.476  
509.22  414.899  
402.019  467.985  
419.427  605.977  
460.191  410.499  
615.153  423.408  
536.915  610.836  
411.709  581.255  
616.004  463.166  
403.375  424.264  
461.348  619.552  
548.455  397.017  
615.512  625.026  
501.562  622.022  
483.504  395.874  
402.366  550.788  
632.433  505.686  
633.919  549.438  
590.153  394.744  
405.988  629.002  
378.972  491.853  
395.682  391.377  
578.484  635.132  
647.441  475.636  
433.884  384.752  
629.534  386.714  
381.772  597.532  
380.497  526.892  
530.301  642.081  
446.016  640.321  
379.463  570.026  
651.31  605.239  
377.875  629.061  
371.325  446.025  
512.114  371.652  
658.181  434.027  
460.369  374.278  
480.673  645.854  
654.837  647.524  
661.322  578.449  
415.398  657.586  
663.384  531.901  
380.099  659.975  
499.13  665.901  
585.399  369.474  
574.152  662.442  
359.163  419.971  
645.529  356.201  
359.693  388.996  
674.364  392.886  
480.378  352.386  
546.796  358.209  
343.286  563.068  
628.286  672.5  
373.603  356.203  
404.45  356.865  
604.161  349.321  
348.871  619.442  
347.916  506.302  
347.178  655.173  
458.952  677.452  
676.409  498.322  
434.397  673.996  
343.499  475.611  
435.855  354.367  
337.151  593.742  
537.167  681.432  
345.158  534.111  
328.774  357.385  
687.531  358.35  
570.044  338.123  
697.708  615.401  
689.382  687.153  
335.48  446.831  
693.321  567.343  
697.681  467.384  
599.776  691.913  
453.144  335.748  
385.131  686.979  
354.012  688.488  
708.02  652.73  
519.521  330.358  
650.562  698.781  
324.136  405.878  
628.89  324.93  
353.805  329.263  
694.369  514.383  
489.071  694.964  
387.118  324.48  
421.228  323.043  
664.443  325.582  
698.578  538.801  
560.335  696.496  
414.255  700.496  
693.599  331.139  
511.527  695.679  
321.446  694.792  
700.234  427.113  
315.699  642.349  
463.559  705.426  
316.204  384.164  
483.732  318.882  
556.826  318.436  
312.495  532.455  
305.353  432.352  
312.003  470.359  
715.042  391.036  
316.761  669.941  
316.537  499.561  
319.125  319.786  
597.169  313.488  
307.267  615.485  
721.379  589.851  
439.047  721.95  
297.857  560.942  
705.607  715.309  
511.192  721.831  
380.1  718.092  
548.709  716.867  
458.167  301.96  
654.141  727.837  
345.281  724.571  
701.295  303.809  
735.58  484.801  
724.547  512.998  
597.938  719.368  
728.416  333.242  
357.157  301.135  
662.568  299.623  
727.571  362.188  
727.289  439.635  
513.89  295.544  
286.34  591.316  
295.297  511.987  
726.792  545.098  
732.358  569.523  
309.221  737.406  
280.241  666.792  
474.758  727.946  
302.499  298.228  
550.376  292.252  
575.866  286.266  
739.703  676.433  
399.329  290.817  
432.009  285.578  
631.801  286.854  
729.861  306.252  
280.27  707.58  
287.336  485.897  
277.893  454.467  
287.016  341.563  
412.398  732.956  
295.173  388.008  
725.275  741.128  
748.11  627.922  
