486.575  519.988  
534.041  498.324  
510.331  539.688  
504.456  480.826  
555.641  521.205  
459.945  495.703  
538.031  557.709  
559.201  469.298  
448.545  548.28  
471.55  454.765  
486.597  564.228  
469.115  561.013  
530.612  445.447  
589.055  539.124  
580.983  492.167  
450.533  571.008  
596.236  569.652  
550.582  585.905  
444.455  588.056  
585.106  450.358  
421.221  518.759  
425.17  439.256  
408.746  473.529  
608.222  510.961  
573.765  424.125  
609.187  596.7  
444.026  609.081  
518.01  411.236  
616.171  468.682  
461.637  411.568  
623.351  437.665  
509.8  610.227  
401.477  559.232  
562.544  617.127  
620.775  491.366  
414.567  401.737  
625.466  411.942  
590.982  405.174  
630.883  547.154  
606.423  629.601  
392.558  624.162  
643.388  523.462  
640.881  574.258  
566.291  376.105  
500.434  636.64  
376.993  533.837  
372.764  498.741  
381.218  439.982  
493.169  386.134  
438.55  642.767  
602.656  382.604  
645.326  391.387  
653.123  610.547  
651.92  451.871  
378.199  381.107  
533.284  373.645  
657.069  634.858  
371.278  413.49  
458.14  368.208  
656.176  478.672  
671.963  589.795  
558.073  657.741  
666.03  498.999  
665.304  422.58  
342.95  604.914  
389.843  660.394  
672.567  552.892  
639.545  366.376  
413.918  359.619  
358.989  571.544  
618.793  660.965  
675.432  403.24  
493.507  670.412  
352.371  473.091  
345.036  640.416  
507.586  359.469  
675.625  655.993  
680.905  378.327  
349.414  451.479  
605.74  355.843  
350.459  361.81  
339.397  427.555  
342.932  397.57  
689.542  461.787  
437.433  681.338  
671.19  355.994  
692.488  531.149  
329.288  670.114  
330.261  553.65  
387.617  336.234  
542.157  343.91  
688.248  512.446  
691.961  440.206  
324.906  514.431  
648.083  688.535  
331.857  534.142  
597.824  688.796  
636.244  341.976  
488.442  333.622  
700.084  617.644  
379.73  689.651  
441.894  331.929  
550.675  696.916  
711.182  570.162  
324.036  493.316  
340.778  331.418  
680.436  340.67  
574.059  337.744  
704.485  668.899  
604.215  326.672  
307.393  574.033  
706.045  477.624  
321.685  457.041  
317.381  699.221  
710.619  415.591  
683.217  702.194  
318.132  381.312  
657.906  324.936  
492.767  708.069  
529.88  317.674  
711.397  360.879  
693.098  320.247  
568.9  316.634  
715.994  492.829  
724.902  387.195  
409.379  312.575  
635.662  310.593  
424.739  715.379  
719.395  334.199  
305.529  404.192  
311.191  360.838  
366.793  713.186  
296.722  649.699  
300.765  625.402  
295.934  476.888  
297.241  430.843  
722.906  545.911  
729.283  637.025  
621.661  718.834  
369.621  301.316  
723.186  511.194  
729.865  592.052  
318.262  299.951  
452.129  303.331  
304.652  339.338  
728.605  712.769  
734.072  683.491  
562.739  730.122  
499.298  299.004  
280.44  586.781  
671.326  301.163  
688.327  727.761  
282.645  522.415  
732.757  303.223  
740.027  439.203  
605.213  295.688  
737.62  463.308  
342.858  736.502  
698.009  293.587  
481.098  740.288  
273.82  607.684  
283.748  546.176  
285.085  327.829  
397.446  738.137  
290.339  737.021  
555.557  293.161  
275.274  456.523  
746.142  522.809  
647.53  742.768  
283.834  381.321  
284.885  500.459  
411.872  286.713  
751.717  656.639  
648.08  284.851  
278.738  357.986  
755.327  612.119  
742.115  739.905  
750.137  356.379  
753.095  408.893  
256.59  666.132  
266.242  308.617  
280.339  280.171  
752.875  485.649  
704.703  754.468  
342.529  275.606  
259.807  686.396  
461.717  279.772  
